id	label	x	y	cluster	weight
1878	1878	-0.8871	0.0387	2	246
1879	1879	0.89	-0.0134	5	24
1880	1880	-0.6533	-0.2027	2	50
1881	1881	0.5691	0.5155	5	57
1882	1882	-0.7857	-0.2324	2	21
1883	1883	-0.3649	-0.3165	4	6
1884	1884	-0.3183	0.6532	1	22
1885	1885	-0.5521	-0.2659	2	3
1886	1886	-0.2042	0.805	1	14
1286	1286	0.0111	0.0428	4	17
1287	1287	0.5829	-0.343	3	1
1288	1288	0.765	-0.1196	3	6
1289	1289	-0.7918	0.0806	2	302
3946	3946	0.8205	-0.4002	3	1
3947	3947	-0.2428	0.8985	1	1
3948	3948	-1.0202	-0.1902	2	1
3964	3964	-0.955	0.0889	2	1
3966	3966	-0.6675	-0.4175	2	2
3968	3968	0.3243	-0.5097	3	3
3970	3970	-0.2352	0.9082	1	1
3971	3971	-1.0113	-0.0923	2	1
3978	3978	0.8024	0.2935	5	4
3982	3982	0.6013	-0.621	3	2
3990	3990	0.7517	-0.2762	3	4
3992	3992	0.9173	-0.1724	3	2
3993	3993	-0.0566	0.7981	1	1
3996	3996	-0.2251	0.9222	1	1
4004	4004	-0.1495	0.8291	1	30
1678	1678	0.7581	-0.2369	3	2
1679	1679	0.8385	0.5305	5	99
1680	1680	0.6649	0.4409	5	1
1681	1681	-0.4131	0.689	1	1
1682	1682	-0.1679	0.8125	1	2
3854	3854	-0.7496	0.007	2	1
3860	3860	0.7825	-0.5486	3	8
3865	3865	0.7355	-0.175	3	1
3867	3867	0.4107	0.4704	5	4
3870	3870	0.1342	0.242	1	1
3873	3873	0.6855	0.6409	5	2
3877	3877	-0.9988	-0.2091	2	5
3878	3878	-0.2035	0.789	1	2
3881	3881	0.561	-0.356	3	4
3891	3891	0.6112	0.5775	5	4
3894	3894	-0.6351	-0.4314	2	4
3896	3896	-0.2633	0.8963	1	17
3899	3899	0.9448	-0.0381	5	1
3900	3900	-0.2793	0.8317	1	2
3902	3902	-0.2038	0.8947	1	1
3904	3904	0.8157	0.1927	3	3
3907	3907	-0.6581	-0.4131	2	1
3908	3908	-0.5891	-0.4392	2	3
3910	3910	0.9813	-0.4249	3	3
3911	3911	0.5391	0.6391	5	2
3919	3919	0.5908	0.6606	5	4
3925	3925	-0.8549	-0.2948	2	1
3927	3927	0.7959	-0.5616	3	3
3928	3928	0.8373	0.4725	5	1
3929	3929	-0.4763	-0.2814	4	1
3930	3930	-0.2529	-0.1792	4	5
3931	3931	0.9055	-0.4787	5	2
3936	3936	0.3267	-0.3492	3	1
3940	3940	-0.1498	-0.2072	4	1
3951	3951	0.8449	0.5448	5	1
3952	3952	0.6042	0.6237	5	4
3954	3954	-0.6461	-0.4102	2	13
3748	3748	-0.6306	0.4739	2	16
3755	3755	-0.7432	-0.3919	2	6
3762	3762	-0.7666	-0.3633	2	3
3765	3765	0.7323	-0.5539	3	2
3766	3766	-0.268	-0.2187	4	1
3767	3767	0.5122	0.6296	5	5
3768	3768	0.8306	0.3855	5	4
3769	3769	-0.2334	0.848	1	15
3772	3772	-0.2604	0.8539	1	1
3774	3774	1.2609	-0.0869	5	2
3775	3775	0.3887	-0.1244	4	10
3780	3780	-0.8271	0.2156	2	2
3784	3784	-0.0131	-0.7188	3	5
3785	3785	0.3288	-0.4443	3	2
3787	3787	-0.6522	-0.4206	2	3
3793	3793	-0.216	0.8462	1	1
3796	3796	0.6428	0.5444	5	4
3797	3797	0.705	0.6435	5	2
3800	3800	-0.196	0.9156	1	6
3801	3801	0.7027	0.4991	5	1
3812	3812	0.0018	0.8076	1	1
3815	3815	-0.8448	-0.2839	2	4
3817	3817	0.6344	0.4481	5	4
3822	3822	0.677	0.4779	5	66
3823	3823	0.7736	0.4928	5	1
3828	3828	-0.654	-0.3814	2	1
3832	3832	-0.217	0.8794	1	4
3834	3834	0.2365	0.1641	1	3
3835	3835	-0.6446	-0.4347	2	2
3836	3836	-0.1923	0.9015	1	2
3837	3837	0.8235	-0.5237	3	10
3839	3839	0.2463	-0.4381	3	1
3840	3840	-0.2608	0.8406	1	2
3844	3844	-0.2643	0.8457	1	1
3849	3849	-0.2216	0.8868	1	6
3655	3655	-0.2374	-0.1863	4	1
3656	3656	-0.6616	-0.3981	2	1
3657	3657	0.7717	-0.5818	3	1
3658	3658	-0.8709	-0.1555	2	2
3659	3659	-0.8327	-0.1159	2	1
3662	3662	-0.225	0.8782	1	119
3665	3665	-0.8263	-0.3406	2	19
3667	3667	-0.6963	-0.4142	2	27
3670	3670	-0.9326	-0.2126	2	2
3671	3671	-0.6872	-0.3986	2	3
3679	3679	0.5828	-0.0324	4	10
3681	3681	0.3914	-0.3681	3	3
3684	3684	-0.7983	-0.1468	2	1
3686	3686	0.6989	0.4056	5	4
3687	3687	-0.5968	-0.3972	4	3
3688	3688	0.0026	-0.7256	3	6
3690	3690	0.1694	-0.5328	3	1
3697	3697	0.011	0.8006	1	1
3698	3698	-0.2199	0.8763	1	2
3699	3699	-0.5208	-0.2848	4	1
3700	3700	0.6924	0.5316	5	3
3706	3706	-0.1949	-0.4814	4	3
3716	3716	-0.7353	-0.3619	2	2
3718	3718	-0.4491	-0.2186	2	1
3723	3723	-0.2106	0.8983	1	3
3728	3728	-0.3927	0.5853	1	40
3729	3729	0.674	0.4377	5	1
3730	3730	-0.676	-0.4071	2	2
3736	3736	0.6294	-0.1358	3	5
3740	3740	0.034	-0.7395	3	10
3742	3742	-0.8996	0.1909	2	1
3757	3757	0.2304	-0.4069	3	2
3759	3759	-0.9499	0.0119	2	1
3557	3557	-0.201	0.8809	1	1
3559	3559	-0.6824	0.0088	2	2
3563	3563	1.2292	-0.2537	3	20
3564	3564	-0.7233	-0.326	2	2
3565	3565	-0.564	-0.5143	2	4
3567	3567	-0.0512	0.1629	1	3
3568	3568	0.4494	-0.5274	3	6
3571	3571	-0.1934	0.7692	1	1
3572	3572	-0.1573	0.8504	1	8
3573	3573	0.8651	-0.5053	3	307
3574	3574	0.8956	-0.4568	3	1
3577	3577	-0.1999	0.8898	1	10
3578	3578	-0.218	-0.5056	3	10
3579	3579	-0.7921	0.0062	2	1
3580	3580	-0.4556	-0.3556	4	96
3585	3585	-0.369	-0.3308	4	4
3589	3589	0.2988	-0.6218	3	7
3590	3590	-0.2209	0.9165	1	3
3591	3591	0.674	0.3893	3	113
3594	3594	-0.6295	-0.3796	4	6
3597	3597	-0.8395	-0.2716	2	2
3598	3598	-0.5578	0.4814	2	1
3601	3601	0.2947	0.2419	1	1
3602	3602	0.6801	-0.5032	5	2
3603	3603	-0.829	-0.2013	2	2
3604	3604	-0.8863	-0.1219	2	4
3607	3607	0.9117	0.1307	5	1
3608	3608	-0.8929	-0.235	2	3
3611	3611	-0.3305	-0.3317	4	2
3612	3612	-0.3535	-0.0593	3	1
3613	3613	-0.9648	-0.2127	2	1
3614	3614	0.857	0.2232	5	1
3615	3615	0.0181	-0.7249	3	3
3616	3616	-0.206	0.9078	1	7
3618	3618	-0.5709	-0.3525	4	6
3619	3619	0.0459	-0.5203	3	1
3620	3620	0.0277	-0.7307	3	3
3622	3622	0.0506	-0.7254	3	2
3623	3623	-1.0317	-0.1696	2	35
3629	3629	-0.5682	0.541	2	3
3630	3630	-0.1752	0.8566	1	7
3631	3631	-0.6972	-0.4321	2	3
3635	3635	-0.7881	-0.3608	2	1
3636	3636	0.4576	-0.5774	3	1
3637	3637	-0.7516	-0.3527	2	3
3639	3639	0.9328	0.4893	5	1
3641	3641	0.6962	0.4538	5	3
3643	3643	-0.574	-0.1308	4	5
3644	3644	-0.4993	-0.4051	4	4
3647	3647	0.8482	0.5448	5	1
3650	3650	0.324	0.2211	4	2
3447	3447	-0.5248	0.4998	2	20
3448	3448	-0.909	-0.1853	2	5
3449	3449	0.0187	-0.7287	3	6
3461	3461	-0.7331	0.0712	2	6
3462	3462	-0.6806	0.0377	2	1
3464	3464	0.7994	-0.0421	3	1
3466	3466	0.5108	-0.0108	3	1
3468	3468	1.2158	0.2408	5	1
3469	3469	-0.0397	-0.2872	4	2
3470	3470	-0.1376	0.7746	1	4
3471	3471	0.7604	-0.4925	3	36
3472	3472	-0.564	-0.4051	4	63
3478	3478	1.0394	-0.2917	5	4
3481	3481	0.0219	-0.4058	4	35
3482	3482	-0.7113	0.0681	2	1
3485	3485	0.879	-0.4943	3	116
3487	3487	-0.8023	0.2422	2	7
3491	3491	-0.6879	-0.2427	2	4
3493	3493	0.0308	0.7845	1	1
3496	3496	-0.2275	0.9107	1	1
3498	3498	-0.4423	-0.3769	4	1
3499	3499	0.6109	-0.5874	3	13
3500	3500	-1.0356	-0.0523	2	92
3501	3501	-0.7165	-0.3888	2	2
3502	3502	0.0194	0.7579	1	3
3504	3504	0.4127	-0.0272	4	34
3505	3505	-0.6737	-0.3873	2	25
3506	3506	0.0921	0.5105	1	1
3511	3511	0.6622	0.3751	5	3
3512	3512	0.5963	-0.6508	3	1
3514	3514	0.3191	-0.6778	3	1
3515	3515	0.8133	0.2814	3	6
3516	3516	-0.8498	-0.101	2	18
3517	3517	0.0414	-0.6972	3	2
3522	3522	0.5437	-0.0879	3	4
3526	3526	-0.2089	0.8023	1	2
3529	3529	-1.0254	-0.1541	2	72
3532	3532	-0.4563	0.6905	1	103
3533	3533	0.92	0.2839	5	3
3534	3534	-0.7366	-0.2272	2	2
3536	3536	0.0484	0.8193	1	2
3537	3537	-0.3085	-0.2314	4	8
3538	3538	-0.3117	-0.3555	4	2
3540	3540	0.6432	-0.5555	3	2
3542	3542	-0.8967	-0.2549	2	10
3544	3544	-0.0031	-0.7253	3	1
3548	3548	-0.8451	-0.0997	2	4
3550	3550	0.237	0.0076	4	33
3352	3352	-0.7397	0.1487	2	4
3353	3353	-0.318	-0.3185	4	3
3354	3354	0.8017	-0.2237	3	2
3355	3355	0.6464	-0.5802	3	6
3356	3356	-0.6058	-0.4119	2	1
3357	3357	1.1583	0.2082	5	2
3358	3358	-0.3244	-0.2172	4	1
3359	3359	0.0285	-0.7224	3	11
3365	3365	0.4766	0.2206	4	53
3366	3366	-0.4309	0.6673	1	3
3368	3368	-0.2442	0.9072	1	1
3371	3371	-0.2287	0.9177	1	24
3372	3372	-0.397	-0.1013	4	2
3374	3374	0.6659	0.2572	4	2
3375	3375	-0.2507	0.8811	1	1
3378	3378	-0.652	-0.0622	2	2
3382	3382	-0.7891	-0.2514	2	1
3385	3385	-0.1722	0.7699	1	5
3386	3386	0.8627	0.2155	5	1
3388	3388	-0.6324	-0.4135	2	27
3389	3389	0.1885	0.2182	1	1
3392	3392	0.388	-0.4436	3	3
3394	3394	-0.6921	0.1644	2	2
3396	3396	0.5775	0.6185	5	47
3399	3399	-0.5413	0.4169	2	1
3400	3400	-0.1879	0.8518	1	12
3401	3401	0.3167	0.6177	5	3
3402	3402	0.6629	0.4468	5	3
3403	3403	-0.3954	-0.3114	4	1
3404	3404	0.4046	-0.5306	3	1
3406	3406	-0.2465	-0.4776	3	8
3408	3408	0.9401	-0.362	3	1
3409	3409	-0.4701	-0.3954	4	3
3412	3412	-0.7977	0.1321	2	8
3414	3414	0.8561	0.5348	5	146
3415	3415	-0.918	0.0629	2	11
3416	3416	0.7331	0.1457	3	1
3417	3417	-0.884	-0.2451	2	2
3419	3419	0.7353	-0.1113	3	1
3423	3423	0.8313	0.0135	3	6
3424	3424	-0.2335	-0.2938	4	7
3425	3425	-0.2235	0.9107	1	3
3426	3426	-0.0927	-0.1369	4	1
3427	3427	-0.7494	-0.3612	2	1
3428	3428	-0.9814	-0.0487	2	2
3434	3434	0.1031	0.2559	4	10
3435	3435	1.2149	0.2347	5	1
3438	3438	0.569	0.6185	5	9
3440	3440	0.2369	-0.016	4	7
3452	3452	-0.7665	0.1377	2	3
3456	3456	-0.4437	-0.5623	3	4
3264	3264	0.7264	-0.5853	3	2
3267	3267	1.0314	0.1014	5	2
3269	3269	-0.1344	0.8368	1	3
3270	3270	0.4392	-0.3873	3	2
3271	3271	0.0048	0.7786	1	8
3274	3274	-0.5696	0.5315	2	1
3278	3278	-0.8006	-0.2574	2	1
3282	3282	-0.5683	0.5502	1	19
3284	3284	-0.4578	0.5436	1	3
3285	3285	0.9283	-0.4333	3	3
3286	3286	-0.1388	-0.5018	4	1
3287	3287	0.6769	-0.2335	3	9
3288	3288	-0.9343	0.1032	2	1
3289	3289	-0.9358	-0.0456	2	8
3290	3290	0.7456	-0.5658	3	9
3292	3292	0.6805	0.3746	3	4
3293	3293	0.767	0.5491	5	2
3299	3299	-0.8349	0.2274	2	11
3301	3301	0.061	-0.4991	2	5
3302	3302	-0.5114	-0.4211	2	10
3303	3303	0.0829	-0.7317	3	9
3304	3304	0.8499	0.5388	5	21
3305	3305	-0.5461	-0.2715	2	3
3306	3306	1.0863	0.2043	5	8
3307	3307	-0.1966	-0.1413	4	1
3308	3308	-0.5989	0.4587	2	88
3309	3309	-0.2575	-0.1737	4	5
3310	3310	-0.9511	-0.2007	2	12
3312	3312	0.6102	0.0911	5	7
3314	3314	-0.4882	0.0479	2	1
3319	3319	0.2494	0.4871	1	1
3320	3320	-0.8526	0.039	2	4
3322	3322	0.7966	-0.298	3	19
3323	3323	1.1556	0.2109	5	48
3324	3324	1.2577	-0.2072	3	28
3325	3325	-0.9263	0.1172	4	6
3327	3327	0.8323	0.1904	5	13
3328	3328	-0.1594	-0.1513	4	1
3336	3336	-0.2164	-0.1517	4	16
3337	3337	-0.9737	0.0893	2	1
3339	3339	0.7275	-0.3043	3	44
3341	3341	0.1027	-0.7182	3	43
3342	3342	0.0293	0.7622	5	2
3345	3345	0.3752	-0.6069	3	4
3346	3346	0.0095	-0.6579	3	2
3348	3348	-0.3398	-0.1887	4	1
3349	3349	-0.3039	0.7338	1	1
3350	3350	-0.8325	-0.0878	2	1
3361	3361	-0.7735	-0.1329	2	2
3362	3362	-0.1244	-0.1885	4	7
3163	3163	-0.7138	-0.2083	2	1
3165	3165	0.3727	0.1408	4	14
3173	3173	-0.1869	0.7606	1	5
3174	3174	-0.6249	-0.1896	2	17
3175	3175	-0.6206	-0.2315	2	13
3176	3176	0.7907	0.1899	3	1
3177	3177	-0.6749	-0.2699	2	14
3178	3178	0.2526	0.6187	3	35
3181	3181	0.7288	0.5919	5	1
3182	3182	-0.7772	0.0927	2	2
3189	3189	0.7748	-0.0905	3	9
3190	3190	0.8688	0.4923	5	9
3192	3192	0.0755	-0.1058	4	2
3193	3193	0.6966	0.6076	5	2
3197	3197	-0.5574	0.5157	2	7
3198	3198	0.7433	-0.5433	3	20
3199	3199	-0.2035	-0.3094	4	3
3200	3200	-0.9898	0.032	2	6
3202	3202	0.7726	0.559	5	1
3203	3203	-0.1565	0.4346	5	1
3204	3204	-0.1998	-0.1533	4	2
3205	3205	0.363	0.1508	4	17
3206	3206	0.6155	0.4888	5	1
3207	3207	0.444	0.4232	5	126
3208	3208	0.8322	-0.1236	3	7
3210	3210	-1.0328	-0.0325	2	5
3211	3211	0.6595	0.3601	3	3
3212	3212	0.4303	0.5544	1	4
3214	3214	-0.3557	-0.3139	4	79
3216	3216	-0.2185	0.8606	1	32
3217	3217	0.7537	-0.5899	3	9
3219	3219	0.801	0.565	5	1
3220	3220	-0.1472	0.7898	1	62
3224	3224	-0.2337	0.8942	1	8
3227	3227	0.6334	-0.574	3	40
3230	3230	1.1315	0.3075	5	4
3233	3233	0.4358	-0.1746	3	4
3235	3235	0.8495	0.2136	5	14
3236	3236	0.7155	0.4883	5	1
3239	3239	-0.2551	0.7818	1	21
3241	3241	0.5382	-0.5537	3	2
3242	3242	-0.8768	-0.228	2	3
3243	3243	-0.5757	0.5011	2	3
3244	3244	0.4424	0.5965	1	1
3245	3245	-0.8978	-0.1792	2	4
3246	3246	-0.5801	-0.2776	4	1
3247	3247	-0.995	0.0029	2	2
3248	3248	-0.3842	0.7415	1	16
3249	3249	0.4418	-0.5129	3	5
3250	3250	-0.7031	-0.3749	2	83
3251	3251	0.7898	0.457	5	8
3252	3252	-0.8958	0.0762	2	1
3253	3253	0.4657	-0.5192	3	24
3255	3255	-0.0228	0.5985	1	1
3256	3256	1.0904	0.0906	3	2
3258	3258	0.6252	-0.5441	3	1
3259	3259	0.7934	0.5676	5	8
3261	3261	-0.8781	-0.2386	2	2
3262	3262	0.0846	-0.5127	3	11
3068	3068	0.511	0.255	3	1
3070	3070	-0.2328	-0.1653	4	5
3072	3072	-0.8541	0.1999	2	9
3073	3073	-0.2964	-0.4588	3	4
3074	3074	0.9107	-0.5121	3	3
3075	3075	1.1737	0.1641	5	1
3076	3076	-0.3529	0.7068	1	143
3077	3077	-0.196	0.8321	1	1
3078	3078	-0.6375	-0.3519	2	8
3079	3079	0.4812	0.6464	5	3
3081	3081	-0.1051	0.7224	1	1
3082	3082	-0.6337	-0.4247	2	23
3083	3083	-0.6471	-0.389	2	10
3084	3084	-0.7415	-0.0614	2	1
3085	3085	-1.0178	-0.033	2	6
3086	3086	-0.1039	0.8004	1	2
3087	3087	0.9923	-0.0447	5	1
3089	3089	-0.6771	0.2005	2	14
3090	3090	-0.6105	-0.3797	4	9
3092	3092	0.8121	-0.3829	5	2
3093	3093	-0.2099	0.8424	1	7
3097	3097	0.7954	-0.4039	3	1
3098	3098	-0.6957	-0.2474	2	1
3099	3099	-1.0016	-0.1417	2	43
3100	3100	0.9002	-0.2035	3	1
3102	3102	-0.4989	0.5421	2	4
3103	3103	-0.6079	-0.3773	4	3
3104	3104	0.7782	-0.5617	3	105
3106	3106	0.231	0.3058	4	125
3108	3108	0.7011	-0.3928	3	15
3109	3109	-0.957	-0.1401	2	26
3110	3110	-0.8501	-0.2205	2	19
3113	3113	0.8355	0.2555	5	8
3114	3114	0.5475	-0.5138	3	44
3115	3115	0.6627	-0.5563	3	130
3116	3116	-0.2948	-0.2804	4	10
3117	3117	0.6596	-0.5388	3	1
3123	3123	-1.0243	-0.161	2	68
3124	3124	0.7778	0.5778	5	8
3126	3126	0.9375	-0.2502	3	1
3127	3127	-0.6367	-0.4069	3	1
3128	3128	0.7291	-0.2611	3	12
3129	3129	-0.5267	0.508	1	6
3130	3130	0.6884	-0.4685	3	2
3131	3131	0.8331	-0.4361	3	5
3132	3132	0.419	0.061	3	4
3133	3133	1.0215	0.3331	5	1
3136	3136	0.4311	-0.4695	3	19
3137	3137	-0.2274	-0.1242	4	33
3138	3138	0.9337	-0.4206	3	6
3139	3139	0.7313	-0.1011	3	1
3140	3140	-0.74	-0.2913	2	2
3142	3142	-0.781	-0.0298	2	8
3143	3143	-0.4112	0.6531	1	27
3144	3144	0.4943	-0.4424	3	2
3145	3145	-0.2442	-0.1789	4	6
3146	3146	0.9758	-0.3276	3	4
3147	3147	-0.2088	0.8756	1	132
3148	3148	1.1747	0.1947	5	29
3149	3149	1.1876	0.2124	5	7
3150	3150	-0.6771	-0.2138	2	8
3151	3151	0.7723	0.2351	5	1
3154	3154	-0.747	-0.2667	2	2
3155	3155	1.0243	-0.3515	3	2
3156	3156	0.0742	-0.7012	3	8
3158	3158	-0.1296	0.5212	5	2
3170	3170	0.7934	0.2297	3	1
2958	2958	0.7946	-0.5415	3	26
2960	2960	0.3818	-0.4686	3	42
2971	2971	0.7053	-0.4917	3	2
2973	2973	-0.5045	-0.2238	2	3
2975	2975	0.6145	-0.2845	3	2
2976	2976	-0.1946	0.8831	1	5
2977	2977	-0.9557	0.0762	2	7
2980	2980	0.1964	-0.5954	3	3
2982	2982	0.7498	0.6125	5	8
2983	2983	0.3261	0.3218	3	171
2986	2986	0.9817	-0.3499	3	1
2988	2988	-0.2592	0.8686	1	2
2992	2992	-0.1739	0.7381	1	10
2995	2995	-0.3137	-0.5685	3	9
2996	2996	0.7355	-0.3973	3	47
2997	2997	-0.8755	-0.2664	2	53
2998	2998	0.0287	0.5305	5	50
2999	2999	-0.9808	-0.1819	2	2
3000	3000	-0.9487	0.0992	2	25
3001	3001	0.5881	0.6499	5	79
3002	3002	-0.7801	-0.0825	2	6
3003	3003	-0.7891	-0.18	2	1
3005	3005	0.4322	-0.4575	3	15
3006	3006	0.4431	-0.4753	3	7
3007	3007	0.1047	-0.4867	3	1
3009	3009	0.3033	-0.6523	3	8
3012	3012	0.4081	-0.3574	3	12
3016	3016	-0.3072	-0.2194	4	1
3018	3018	0.8254	0.4666	5	89
3020	3020	-0.2245	0.9058	1	1
3022	3022	0.8184	0.5232	5	54
3023	3023	0.3151	-0.1064	4	1
3025	3025	-0.9415	-0.0127	2	5
3028	3028	-0.3784	0.6689	1	10
3030	3030	-0.2036	0.8398	1	73
3032	3032	0.6248	-0.5985	3	5
3033	3033	-0.8744	-0.202	2	4
3035	3035	-0.8404	0.0181	2	2
3037	3037	0.2868	-0.3993	3	1
3039	3039	0.6424	0.4549	5	6
3040	3040	0.5036	-0.676	3	1
3043	3043	-0.1207	-0.417	3	1
3045	3045	-0.9346	0.0132	2	81
3047	3047	-0.2209	0.9034	1	2
3048	3048	-0.8776	-0.1507	2	5
3049	3049	-0.0673	-0.1149	4	79
3050	3050	-0.7534	-0.1462	2	18
3051	3051	-0.7561	-0.1983	2	1
3052	3052	-0.8095	0.0304	2	3
3053	3053	-0.805	0.2239	2	3
3054	3054	-0.2961	0.754	1	29
3055	3055	-0.3866	0.595	1	1
3056	3056	-0.8273	-0.152	2	2
3059	3059	-0.8711	-0.0087	2	46
3062	3062	-0.7235	-0.3615	2	82
3064	3064	-0.7801	-0.1828	2	11
2865	2865	-0.604	0.4849	2	1
2866	2866	-0.9588	-0.1826	2	22
2867	2867	-0.1274	-0.269	4	18
2870	2870	-0.6666	-0.3773	2	7
2877	2877	-0.3477	0.6876	1	17
2878	2878	-0.9105	-0.2049	2	3
2880	2880	1.036	-0.0826	5	1
2881	2881	0.8881	0.1158	3	47
2882	2882	0.6351	0.4904	5	92
2885	2885	0.842	0.5489	5	1
2887	2887	0.6611	-0.552	3	15
2890	2890	-0.2582	0.8428	1	39
2891	2891	-0.9459	0.0255	2	3
2893	2893	-0.7863	-0.1636	2	37
2894	2894	-0.2611	0.849	1	73
2895	2895	-0.3864	-0.2729	4	7
2896	2896	0.6948	-0.5377	3	2
2897	2897	-0.8424	-0.1543	2	1
2899	2899	0.8303	0.2685	5	8
2901	2901	-0.0974	0.6958	1	65
2904	2904	0.4209	-0.4482	3	3
2906	2906	0.0478	0.4852	4	26
2907	2907	-0.8545	0.0515	2	3
2908	2908	-0.218	0.8918	1	21
2909	2909	-0.3774	-0.5093	3	16
2910	2910	0.0755	-0.5678	3	10
2911	2911	-0.8156	0.0937	2	3
2913	2913	-0.8054	-0.2408	2	2
2914	2914	-0.5064	-0.1941	4	146
2915	2915	-0.094	-0.4247	3	12
2917	2917	0.6416	0.432	5	8
2918	2918	0.0193	-0.7229	3	7
2919	2919	-1.0267	-0.0968	2	3
2921	2921	-1.0031	-0.0013	2	1
2924	2924	0.6532	-0.1201	3	7
2926	2926	0.6934	0.6257	5	1
2927	2927	-0.8348	-0.1725	2	3
2928	2928	0.2582	-0.5676	3	1
2933	2933	-0.2131	-0.2644	4	226
2934	2934	1.0784	0.2123	5	9
2935	2935	0.7054	0.6155	5	48
2936	2936	-0.6104	-0.2243	2	16
2938	2938	-0.2482	0.8628	1	2
2940	2940	0.3736	0.4561	5	10
2941	2941	0.7903	-0.156	3	1
2942	2942	0.8369	0.5574	5	21
2945	2945	1.1543	0.2291	5	6
2947	2947	0.8309	-0.4762	3	6
2948	2948	0.302	-0.5261	3	9
2952	2952	-0.8244	-0.2765	2	2
2953	2953	-0.5958	0.5115	1	5
2955	2955	1.2067	0.2442	5	3
2956	2956	0.5404	-0.5734	3	1
2957	2957	-0.8234	-0.2617	2	6
2966	2966	-0.1964	0.7501	1	5
2967	2967	-0.7855	0.2459	2	1
2968	2968	-0.6557	-0.2492	2	18
2969	2969	-0.2651	-0.2247	4	2
2774	2774	0.8766	-0.5365	3	5
2775	2775	0.7981	-0.0299	5	1
2777	2777	-0.4994	-0.3826	2	2
2778	2778	-0.8105	-0.0613	2	22
2781	2781	-0.622	0.466	2	1
2782	2782	1.1872	0.2187	5	14
2785	2785	-0.6271	0.4624	2	1
2787	2787	-0.5585	0.4992	2	42
2788	2788	0.7485	-0.141	3	23
2791	2791	0.7981	-0.2177	3	6
2792	2792	-0.3613	0.6682	1	1
2793	2793	0.608	0.1234	4	3
2795	2795	0.8822	-0.4229	3	1
2797	2797	0.7253	-0.4462	5	18
2798	2798	1.2518	-0.2615	3	2
2800	2800	0.1708	0.52	5	79
2801	2801	-0.6266	-0.0208	2	21
2802	2802	-0.2075	0.8812	1	12
2803	2803	0.293	0.3947	5	16
2806	2806	0.5712	0.5068	3	167
2807	2807	0.7214	0.4109	5	4
2808	2808	-0.3025	0.8326	1	4
2810	2810	0.9011	0.5179	5	32
2811	2811	-0.5283	-0.3087	2	9
2814	2814	0.7204	-0.5638	3	1
2815	2815	-0.1843	0.8607	1	3
2816	2816	-0.2931	0.7437	1	4
2817	2817	0.7308	0.6183	5	1
2819	2819	-0.8658	-0.2394	2	4
2820	2820	0.703	0.4823	5	6
2821	2821	-0.5904	0.3528	2	154
2822	2822	-0.6241	-0.2124	4	206
2823	2823	0.5708	-0.3492	3	1
2828	2828	0.594	0.4978	5	68
2829	2829	-0.9001	0.1675	2	21
2830	2830	0.0065	0.7693	1	49
2832	2832	-0.8549	-0.2429	2	20
2834	2834	-0.3721	-0.4412	2	13
2835	2835	0.9669	-0.1047	3	1
2836	2836	0.1452	0.6332	1	3
2837	2837	0.7939	-0.3739	3	2
2841	2841	-0.8795	-0.1684	2	3
2844	2844	-0.9412	0.0584	2	1
2846	2846	0.5258	0.4499	5	9
2847	2847	-0.3524	-0.3176	4	3
2848	2848	0.6463	0.4961	5	35
2849	2849	-0.8343	-0.2444	2	267
2850	2850	0.9292	0.49	5	4
2851	2851	-0.6391	0.4538	2	17
2852	2852	-0.2268	0.9016	1	15
2854	2854	-0.9801	-0.0675	2	16
2855	2855	-0.0396	0.7626	1	88
2856	2856	-0.74	-0.3407	2	48
2857	2857	0.9065	-0.4219	3	2
2858	2858	-0.1243	0.8075	1	6
2859	2859	0.1525	-0.6087	3	13
2860	2860	-0.7268	0.1933	2	1
2861	2861	0.7395	0.5932	5	55
2863	2863	-0.1929	0.8152	1	2
2876	2876	0.1986	-0.397	4	4
2667	2667	-1.0176	-0.1676	2	26
2668	2668	0.3273	0.6017	5	4
2669	2669	0.7934	-0.3938	3	33
2670	2670	0.479	-0.3308	4	183
2671	2671	-0.261	0.8754	1	32
2680	2680	0.6368	0.5162	5	5
2681	2681	0.5948	-0.0858	4	23
2685	2685	-1.0311	-0.0736	2	51
2686	2686	0.8815	0.172	5	2
2687	2687	0.7029	-0.484	3	13
2688	2688	0.6387	-0.209	3	11
2689	2689	1.2566	-0.2634	3	52
2690	2690	-0.5832	-0.34	2	3
2693	2693	-0.5201	-0.3787	2	25
2694	2694	0.8202	0.47	5	55
2695	2695	-0.2709	-0.1912	4	2
2696	2696	0.5805	-0.5546	3	6
2698	2698	-0.9887	-0.0053	2	22
2699	2699	-0.8107	-0.253	2	15
2700	2700	-0.1905	-0.1415	4	4
2701	2701	0.7059	-0.5051	3	3
2703	2703	-0.5656	0.4757	2	6
2704	2704	0.741	-0.1702	3	1
2705	2705	0.676	-0.5207	3	15
2706	2706	-0.2205	0.8928	1	8
2708	2708	-0.6806	-0.3742	2	1
2709	2709	-0.8885	-0.1833	2	3
2711	2711	0.7576	0.5881	5	29
2715	2715	-0.9889	-0.1555	2	37
2717	2717	0.6387	-0.456	3	1
2719	2719	0.956	0.0905	5	4
2720	2720	-0.5768	-0.377	4	1
2721	2721	-0.5846	-0.3293	2	329
2722	2722	-0.5995	-0.22	4	7
2724	2724	-1.0021	-0.0158	2	4
2725	2725	-0.7856	0.1248	2	318
2726	2726	0.7964	-0.264	3	3
2727	2727	-0.2892	0.77	1	9
2728	2728	0.4114	-0.5623	3	3
2731	2731	0.8142	0.5362	5	2
2732	2732	-0.7151	-0.2971	2	5
2733	2733	0.8917	0.3439	5	10
2734	2734	0.6959	-0.5767	3	1
2735	2735	-0.7618	-0.094	2	10
2736	2736	-0.8891	-0.1716	2	3
2737	2737	-0.2604	-0.1841	4	9
2741	2741	-0.2121	-0.1654	4	36
2742	2742	0.7841	-0.1955	5	1
2743	2743	0.9495	-0.4179	3	50
2745	2745	-0.7956	-0.1757	2	60
2746	2746	-0.2249	0.8841	1	1
2748	2748	0.6648	-0.525	3	27
2749	2749	-0.9642	-0.0022	2	10
2750	2750	0.8331	0.2937	5	1
2751	2751	0.3898	-0.1227	4	1
2752	2752	-0.2821	0.7404	1	137
2753	2753	0.7543	0.6004	5	1
2755	2755	0.6142	0.457	5	36
2757	2757	-0.6616	-0.3434	2	27
2758	2758	0.6123	0.6536	5	2
2759	2759	0.5964	0.642	5	18
2764	2764	0.1209	0.7166	1	13
2766	2766	-0.7188	-0.3524	2	120
2769	2769	0.2698	0.7347	5	7
2770	2770	1.0341	-0.0689	5	17
2771	2771	-0.9982	-0.0479	2	9
2772	2772	-0.8264	-0.1969	2	2
2575	2575	-0.8678	-0.2171	2	10
2577	2577	-0.9038	0.073	2	2
2578	2578	-0.7098	-0.3307	2	13
2579	2579	-0.2466	-0.4419	3	30
2580	2580	-0.6175	-0.2245	4	13
2581	2581	-0.9028	-0.1114	2	11
2583	2583	0.8541	-0.2926	5	11
2585	2585	-0.9477	0.0358	2	29
2586	2586	-0.7697	-0.1032	2	16
2587	2587	-0.1909	-0.1093	4	1
2588	2588	0.6033	0.6407	5	9
2589	2589	0.7896	0.5192	5	42
2591	2591	0.662	0.5653	5	1
2592	2592	-0.3153	0.7456	1	44
2594	2594	0.0485	0.7588	5	6
2595	2595	0.756	-0.0938	3	59
2596	2596	-0.1402	0.8481	1	1
2598	2598	0.0114	-0.7202	3	2
2599	2599	0.9887	-0.19	3	74
2600	2600	-0.2733	-0.1946	4	62
2601	2601	-0.8483	-0.1947	2	3
2602	2602	1.1282	0.1728	5	5
2603	2603	0.9567	-0.356	3	14
2604	2604	-0.6782	0.3271	2	14
2606	2606	0.3044	-0.6591	3	4
2608	2608	0.4069	-0.6679	3	4
2609	2609	0.7891	0.5547	5	9
2610	2610	0.9962	-0.0162	5	118
2612	2612	-0.1067	0.6929	1	30
2614	2614	-1.0006	-0.0337	2	20
2615	2615	-0.5995	-0.2778	4	4
2616	2616	-0.7258	-0.2088	2	2
2617	2617	0.743	0.4195	5	3
2618	2618	-0.1763	0.8484	1	1
2619	2619	-0.7921	-0.282	2	44
2620	2620	-0.9511	0.0786	2	3
2621	2621	-0.9443	-0.2043	2	5
2623	2623	0.9304	-0.247	3	1
2625	2625	0.4278	-0.5863	3	1
2626	2626	-0.7	0.3839	2	2
2627	2627	-0.9772	-0.1768	2	1
2628	2628	-0.8426	0.1541	2	19
2629	2629	-1.0099	-0.1236	2	141
2630	2630	0.331	-0.4723	3	501
2631	2631	0.7896	-0.422	3	133
2635	2635	-0.5816	0.3989	2	552
2636	2636	0.3087	-0.0069	4	1
2637	2637	0.8001	-0.0505	3	1
2639	2639	-0.1354	-0.4187	3	5
2640	2640	-0.7495	0.2102	2	3
2645	2645	-0.9468	-0.1543	2	1
2649	2649	-0.9465	-0.1083	2	1
2650	2650	0.8771	-0.4367	3	16
2653	2653	0.8358	-0.3718	3	2
2654	2654	-0.3534	0.6483	1	88
2655	2655	-0.4138	-0.2492	4	2
2656	2656	-0.3288	-0.2554	4	7
2657	2657	0.7727	-0.1765	3	11
2659	2659	0.7091	-0.5528	3	9
2660	2660	-0.7768	0.0232	2	1
2662	2662	0.6927	-0.2671	3	5
2665	2665	0.0859	-0.651	3	2
2674	2674	-0.1306	0.7675	1	33
2675	2675	-0.818	-0.2126	2	1
2676	2676	1.0167	-0.0478	5	2
2677	2677	0.6961	0.5994	5	12
2678	2678	0.5131	-0.0398	3	1
2470	2470	-0.4241	-0.2709	2	1
2471	2471	0.6232	-0.1405	4	65
2473	2473	0.6692	0.5117	5	1
2474	2474	0.5271	-0.5491	3	1
2476	2476	-0.2191	-0.1342	4	2
2477	2477	-0.9291	0.0278	2	2
2483	2483	-0.7856	-0.2616	2	49
2484	2484	-0.281	-0.2532	4	4
2485	2485	-0.6663	-0.1112	2	1
2486	2486	0.6375	0.5008	5	21
2487	2487	-0.7716	-0.2431	2	1
2488	2488	0.8267	0.2422	5	56
2489	2489	-0.3436	0.6359	1	2
2491	2491	0.6256	-0.3039	3	33
2492	2492	0.8548	-0.4575	3	5
2493	2493	-0.0563	-0.1828	4	1
2494	2494	-0.6403	-0.2129	4	6
2495	2495	0.847	0.5221	5	1
2497	2497	-0.6888	0.3445	2	13
2498	2498	0.5185	0.5507	5	9
2499	2499	0.8438	0.4998	5	49
2500	2500	-0.7954	-0.1459	2	2
2501	2501	1.1993	0.2358	5	58
2502	2502	0.7957	0.3955	5	19
2503	2503	0.8382	0.2581	5	31
2504	2504	-0.9266	0.0423	2	29
2505	2505	0.5787	0.5415	5	35
2506	2506	-0.7811	-0.1978	2	1
2507	2507	-1.0154	-0.1537	2	2
2508	2508	0.6598	-0.5769	3	2
2509	2509	-0.6628	0.2704	2	166
2510	2510	-0.7535	-0.2934	2	57
2511	2511	-0.6244	0.2976	2	2
2512	2512	0.0282	0.6783	1	1
2513	2513	0.6288	0.3505	5	12
2514	2514	-0.1818	-0.157	4	2
2515	2515	-0.6036	-0.2495	2	43
2516	2516	-0.6217	-0.1667	4	42
2517	2517	-1.0152	-0.1652	2	2
2518	2518	0.619	-0.5554	3	2
2519	2519	0.6543	0.4165	5	2
2520	2520	0.993	0.0123	5	5
2521	2521	1.1564	0.2307	5	3
2523	2523	-0.2581	0.8755	1	4
2524	2524	-0.2747	-0.5777	3	16
2525	2525	0.5684	-0.5512	3	16
2527	2527	-0.8133	-0.1713	2	1
2528	2528	-0.7637	0.0432	2	11
2529	2529	-0.2128	0.8871	1	217
2530	2530	-0.9282	-0.2272	2	6
2531	2531	-0.9554	0.0705	2	5
2532	2532	-0.9759	0.0033	2	6
2534	2534	-0.8807	0.151	4	39
2535	2535	0.7421	0.2517	3	5
2537	2537	-0.8658	0.0024	2	92
2539	2539	0.7669	-0.4683	3	38
2540	2540	-0.5337	-0.1644	4	10
2541	2541	0.7591	-0.3239	3	42
2543	2543	-0.042	0.7534	1	16
2544	2544	-0.5847	-0.191	2	2
2545	2545	-0.5564	-0.2874	2	30
2546	2546	-0.8561	-0.2091	2	3
2548	2548	-0.2716	-0.3905	4	8
2549	2549	0.2363	0.6727	1	12
2550	2550	-0.216	0.7677	1	1
2552	2552	0.2223	-0.6801	3	30
2553	2553	1.1894	0.2343	5	2
2554	2554	-0.8725	-0.2135	2	2
2555	2555	0.8015	-0.0702	3	6
2557	2557	0.5695	0.6763	5	71
2558	2558	0.682	-0.4531	3	27
2560	2560	-0.9704	-0.2043	2	22
2562	2562	-0.7327	-0.1549	2	2
2566	2566	-0.2687	-0.2009	4	25
2568	2568	0.5771	-0.303	5	21
2569	2569	0.8322	0.5525	5	2
2570	2570	-0.6161	-0.2489	2	10
2571	2571	1.2502	-0.2511	3	5
2573	2573	0.8692	-0.192	3	40
2574	2574	0.5082	0.6108	5	1
1290	1290	-0.5528	0.5006	2	60
1291	1291	0.8642	0.1398	5	601
1292	1292	-0.68	-0.3467	2	12
2378	2378	0.8969	-0.0208	5	20
2379	2379	0.0159	-0.7221	3	25
2380	2380	0.3291	-0.6573	3	14
2381	2381	0.6719	-0.1919	3	14
2382	2382	-0.3522	-0.2792	4	3
2383	2383	-0.2714	-0.4536	3	15
2385	2385	-0.5342	-0.4388	2	1
2386	2386	-0.1346	-0.3685	4	1
2387	2387	0.5065	-0.3679	3	48
2388	2388	-0.65	-0.2158	4	8
2389	2389	0.8635	0.2066	5	37
2390	2390	0.4649	0.4186	5	48
2391	2391	-0.8877	-0.0476	4	39
2392	2392	-0.2981	-0.4353	2	1
2393	2393	0.7572	0.5936	5	1
2394	2394	0.6886	-0.5758	3	7
2395	2395	0.6067	0.5662	5	3
2396	2396	0.5725	0.5472	5	5
2399	2399	0.8038	-0.5053	3	2
2400	2400	-0.2453	-0.169	4	3
2402	2402	-0.7047	0.0535	2	7
2403	2403	-0.8921	-0.1939	2	7
2405	2405	0.534	0.6335	5	4
2406	2406	-0.6485	-0.204	2	5
2408	2408	-0.2824	0.7299	1	4
2409	2409	-0.5305	-0.3502	2	10
2410	2410	1.099	0.156	5	3
2411	2411	-0.0295	-0.1718	4	23
2412	2412	-0.6273	-0.3968	2	2
2413	2413	-0.638	0.3051	2	6
2414	2414	-0.7885	-0.1448	2	10
2415	2415	-0.5521	-0.4087	2	7
2416	2416	-0.0693	0.7546	1	6
2419	2419	0.795	0.2514	5	10
2421	2421	-0.6381	-0.3632	2	14
2423	2423	-0.7574	-0.2376	2	12
2425	2425	0.5031	-0.1661	3	3
2426	2426	-0.964	-0.0587	2	140
2427	2427	0.2123	-0.631	3	3
2428	2428	-0.8538	-0.2161	2	38
2429	2429	-0.0239	-0.3361	3	8
2430	2430	0.7513	-0.1882	3	2
2432	2432	-0.8483	0.1344	2	6
2434	2434	-0.9017	-0.0475	2	2
2435	2435	0.6977	0.5399	5	71
2436	2436	-0.884	0.1776	2	47
2437	2437	-0.5288	-0.247	4	54
2439	2439	0.5864	0.5407	5	14
2440	2440	0.9505	-0.4285	3	2
2443	2443	-0.8943	-0.0145	2	54
2444	2444	-0.2192	0.8845	1	44
2445	2445	0.5661	-0.3375	3	12
2446	2446	-0.5652	-0.2594	4	5
2449	2449	0.8825	-0.401	3	1
2450	2450	0.5556	0.5107	5	2
2451	2451	0.868	0.2064	5	3
2452	2452	0.8703	-0.091	5	19
2453	2453	-0.5521	-0.2254	4	7
2454	2454	0.5027	-0.5462	3	8
2455	2455	0.699	-0.2562	3	2
2456	2456	-0.8426	0.1325	2	25
2457	2457	-0.2306	0.8596	1	9
2458	2458	-0.1957	-0.4429	3	16
2459	2459	-0.4349	0.6073	1	1
2460	2460	-0.457	0.4577	2	48
2462	2462	-0.6457	-0.2804	2	18
2463	2463	-0.2949	-0.1054	4	445
2465	2465	-0.2726	-0.4893	3	23
2466	2466	0.8693	0.1543	5	5
2467	2467	-0.2207	0.8265	1	1
2478	2478	-0.7152	-0.2091	2	44
2480	2480	-0.6729	0.3005	2	2
2481	2481	0.5189	0.53	5	1
2482	2482	0.6932	-0.5839	3	55
2270	2270	0.9589	0.1233	5	4
2271	2271	-0.7106	0.1988	2	9
2272	2272	-0.0893	-0.6979	3	3
2273	2273	-0.8638	0.0585	2	1
2274	2274	0.0227	-0.7211	3	39
2283	2283	0.6728	-0.5374	3	49
2285	2285	-0.5709	-0.3074	2	2
2287	2287	-0.0801	-0.3379	4	6
2288	2288	-0.3552	-0.3486	4	39
2289	2289	-0.9093	0.0064	2	6
2291	2291	0.7975	-0.3066	3	132
2293	2293	1.2412	-0.2604	3	14
2294	2294	0.8062	-0.0844	3	38
2295	2295	-0.1508	-0.1527	4	6
2296	2296	-0.7156	0.1147	2	4
2297	2297	0.7518	-0.3882	3	11
2298	2298	0.7275	-0.4189	3	8
2299	2299	-0.8081	-0.031	2	20
2300	2300	0.7766	-0.2241	3	195
2303	2303	-0.8565	-0.2354	2	10
2304	2304	-0.6695	-0.3707	2	1
2305	2305	-0.5408	-0.3736	4	23
2306	2306	-0.782	-0.0511	2	7
2307	2307	-0.9987	-0.1914	2	47
2308	2308	1.1104	0.2307	5	24
2311	2311	-0.6293	-0.2376	2	7
2313	2313	-0.9567	-0.0336	2	2
2314	2314	0.2792	0.0367	4	1
2318	2318	0.2538	-0.0775	4	6
2319	2319	-0.1216	0.786	1	1
2322	2322	-0.9793	-0.1379	2	9
2323	2323	0.6803	0.5901	5	12
2324	2324	-0.3665	-0.4181	4	5
2325	2325	0.7387	-0.525	3	17
2327	2327	-0.4576	0.5869	1	2
2328	2328	-0.984	-0.169	2	3
2329	2329	0.7864	-0.4174	3	1
2330	2330	-1.003	0.0185	2	6
2331	2331	0.0361	0.7576	5	354
2333	2333	0.4966	-0.3184	3	5
2334	2334	0.8491	-0.0941	3	100
2336	2336	-0.5509	-0.2822	2	6
2338	2338	-0.8094	-0.112	2	49
2339	2339	-0.0946	0.033	4	6
2340	2340	0.615	-0.5498	3	28
2341	2341	1.1213	0.17	5	1
2342	2342	0.2923	-0.6185	3	98
2343	2343	-0.882	0.0582	2	13
2344	2344	0.399	-0.3175	4	1
2345	2345	0.6966	-0.4763	3	7
2346	2346	0.0248	-0.7207	3	2
2347	2347	0.7037	-0.2677	3	1
2349	2349	0.9172	0.4914	5	1
2350	2350	-0.8685	-0.2274	2	3
2351	2351	0.8574	0.2102	5	114
2352	2352	0.7667	-0.1209	3	1
2353	2353	-0.7674	-0.0151	2	9
2354	2354	0.8265	-0.5075	3	151
2355	2355	0.147	0.6174	1	17
2356	2356	-0.3603	0.5696	2	5
2357	2357	0.9593	-0.2928	3	48
2359	2359	0.8633	-0.4472	3	2
2360	2360	-0.0294	0.3917	4	15
2361	2361	0.6098	0.6537	5	12
2362	2362	-0.3518	-0.314	4	1
2363	2363	0.5819	-0.5715	3	9
2364	2364	0.8314	0.2778	5	5
2365	2365	-0.8039	-0.1927	2	9
2366	2366	-0.2926	-0.405	3	13
2367	2367	0.8171	0.543	5	81
2368	2368	-0.2341	0.8879	1	22
2369	2369	-0.5446	-0.2558	2	7
2370	2370	-0.351	-0.2333	4	68
2371	2371	0.7903	-0.3939	3	26
2372	2372	-0.6405	-0.3738	2	46
2373	2373	-0.2647	-0.1883	4	1
2374	2374	0.7955	-0.2244	3	9
2375	2375	-0.6307	-0.3024	2	5
2376	2376	1.1275	0.1379	5	15
2377	2377	-0.3701	0.7068	1	46
2178	2178	0.6164	0.417	5	33
2179	2179	-0.5463	0.5428	2	20
2181	2181	0.0946	0.5206	4	14
2182	2182	0.5068	-0.3258	3	3
2183	2183	1.2052	0.2272	5	3
2184	2184	-0.2059	-0.1304	4	1
2185	2185	0.7666	-0.1225	3	5
2186	2186	-0.9132	-0.1512	2	11
2187	2187	-0.6369	-0.3887	2	157
2189	2189	0.8036	-0.5489	3	5
2191	2191	0.8187	-0.0811	3	4
2193	2193	0.8319	-0.4504	3	1
2194	2194	-0.8366	0.079	2	36
2196	2196	0.6396	-0.169	3	1
2197	2197	-0.6312	-0.3988	2	15
2198	2198	0.7893	-0.3992	3	5
2201	2201	-0.8514	-0.1173	2	96
2202	2202	0.789	-0.3884	3	1
2203	2203	0.3196	-0.6358	3	7
2204	2204	-0.2398	0.904	1	43
2205	2205	0.1509	-0.3438	3	29
2206	2206	-0.797	-0.0206	2	1
2207	2207	0.9548	-0.3628	3	39
2208	2208	-0.43	0.5933	2	24
2209	2209	-0.839	-0.1419	2	14
2210	2210	0.9333	-0.4181	3	13
2211	2211	-0.2262	0.9047	1	109
2212	2212	0.7704	-0.4087	3	2
2213	2213	0.7064	-0.5283	3	58
2214	2214	-0.287	-0.1974	4	1
2216	2216	0.7633	0.5475	5	2
2217	2217	0.7249	-0.1766	3	53
2219	2219	-0.2179	0.8971	1	9
2221	2221	-0.7658	0.0784	2	7
2222	2222	-0.3747	-0.277	4	3
2223	2223	-0.7917	-0.2908	2	233
2225	2225	-0.8199	-0.1585	2	1
2226	2226	-0.596	-0.1305	2	13
2227	2227	0.8549	0.1964	5	60
2228	2228	-0.7046	-0.2238	2	27
2229	2229	1.0287	0.4426	5	23
2230	2230	0.3817	-0.5626	3	91
2231	2231	-0.3866	-0.2344	4	2
2234	2234	-0.2134	0.8806	1	1
2235	2235	-0.54	-0.2884	2	1
2236	2236	-0.6214	-0.4134	2	1
2237	2237	-0.698	-0.1212	2	4
2239	2239	-0.066	0.7939	1	2
2240	2240	0.4101	-0.6032	3	56
2242	2242	0.9316	0.4891	5	178
2243	2243	0.7999	-0.0545	3	81
2244	2244	0.1265	-0.0585	4	11
2246	2246	-0.3214	-0.4238	4	3
2248	2248	0.892	-0.2743	5	40
2249	2249	0.5673	0.5402	5	11
2250	2250	-0.1735	-0.5497	3	36
2251	2251	-0.5745	0.5109	2	24
2252	2252	0.6803	0.4153	5	1
2253	2253	-0.9366	-0.0003	2	11
2254	2254	0.8324	0.5418	5	1
2255	2255	-0.2619	-0.2346	4	5
2256	2256	-0.5308	-0.283	4	1
2257	2257	-0.4136	-0.2574	4	14
2260	2260	-0.5883	0.3543	2	252
2261	2261	0.0069	-0.1375	4	283
2262	2262	-0.8857	0.0861	2	7
2263	2263	0.1419	0.3208	3	7
2264	2264	0.2989	-0.5774	3	1
2265	2265	-0.901	-0.2075	2	1
2266	2266	-0.6376	-0.3989	2	1
2267	2267	-0.8419	0.0544	2	1
2268	2268	-0.619	0.4381	2	6
2269	2269	0.3102	0.5496	5	12
2275	2275	0.5297	0.631	5	35
2276	2276	-0.8667	0.092	2	9
2277	2277	0.8546	0.2595	5	128
2278	2278	-0.194	0.8538	1	5
2279	2279	-0.9155	-0.078	2	5
2281	2281	0.461	-0.5569	3	76
2282	2282	0.6041	-0.3374	3	7
2074	2074	0.777	-0.3964	3	588
2075	2075	-0.072	0.7752	1	1
2077	2077	-0.8053	-0.2072	2	2
2078	2078	0.4559	0.6709	5	7
2079	2079	-0.6649	-0.1682	2	28
2080	2080	0.8359	-0.0254	3	121
2081	2081	-0.8456	-0.2281	2	239
2082	2082	-0.8643	-0.1227	2	5
2087	2087	-0.4652	0.5823	1	9
2088	2088	0.839	0.5388	5	878
2089	2089	0.5742	0.5104	5	1
2090	2090	0.2139	-0.063	4	13
2092	2092	0.7708	-0.5011	3	4
2094	2094	-0.922	-0.1719	2	102
2096	2096	-0.7148	-0.1646	2	5
2098	2098	0.6736	-0.2792	3	12
2099	2099	0.1044	-0.4016	3	34
2100	2100	-0.5795	-0.432	2	3
2101	2101	-0.9227	-0.1253	2	28
2102	2102	1.0482	0.2262	5	27
2103	2103	0.7326	-0.1765	3	419
2104	2104	-0.578	0.3113	5	17
2105	2105	0.6608	-0.1719	3	95
2107	2107	0.8965	-0.5239	3	3
2108	2108	-0.4036	-0.1894	4	6
2109	2109	0.954	0.4331	5	7
2110	2110	0.4709	0.6375	5	31
2111	2111	0.6532	0.495	5	93
2112	2112	-0.1463	0.7745	1	436
2113	2113	-0.6895	0.1008	2	19
2115	2115	-0.7318	-0.134	2	15
2116	2116	0.3917	-0.5498	3	122
2117	2117	-0.8395	-0.0696	2	3
2118	2118	0.7545	-0.0969	3	47
2119	2119	0.7759	-0.4394	3	13
2121	2121	-0.6838	0.4018	2	319
2122	2122	0.0286	0.7464	1	7
2123	2123	0.5797	0.5246	5	7
2125	2125	-0.8492	-0.2368	2	35
2126	2126	-0.8421	0.0452	4	422
2127	2127	-0.1805	0.7936	1	27
2128	2128	0.8021	0.3078	5	4
2129	2129	-0.3761	-0.3277	4	5
2130	2130	0.5182	0.5426	5	2
2131	2131	-0.8171	-0.2071	2	7
2134	2134	-0.5988	0.4115	2	2
2135	2135	-0.9826	-0.0908	2	163
2136	2136	0.0054	-0.7185	3	11
2137	2137	0.8372	0.2689	3	2
2140	2140	0.9084	-0.4473	3	17
2141	2141	-0.6186	-0.2359	4	10
2142	2142	0.6356	-0.4149	3	146
2143	2143	-0.6627	-0.1788	2	21
2144	2144	1.1802	-0.3018	3	12
2145	2145	-0.3665	-0.1995	4	2
2147	2147	-0.5301	0.5559	1	14
2148	2148	-0.4975	-0.3211	2	147
2149	2149	0.7611	-0.1236	3	2
2150	2150	0.9693	-0.3338	3	36
2151	2151	0.6353	0.4205	5	4
2152	2152	1.0042	0.438	5	1
2153	2153	-0.6885	-0.2031	2	33
2154	2154	-0.8986	-0.1924	2	3
2155	2155	-0.0663	0.7173	1	1
2156	2156	0.0272	-0.7196	3	10
2157	2157	-0.3532	-0.3089	4	24
2158	2158	-0.257	-0.2856	4	2
2159	2159	0.8317	-0.1383	3	5
2160	2160	-1.01	-0.177	2	2
2161	2161	0.9768	-0.1932	3	7
2163	2163	0.7072	-0.494	3	27
2164	2164	0.2673	0.7386	5	71
2166	2166	-0.1677	-0.1559	4	116
2167	2167	0.2661	-0.3648	3	16
2168	2168	-0.9292	-0.1773	2	24
2171	2171	0.0096	-0.7154	3	38
2172	2172	0.5783	-0.132	3	6
2173	2173	-0.9167	-0.0397	2	11
2174	2174	1.2145	0.2318	5	12
2176	2176	0.7496	-0.4135	3	4
1982	1982	0.0246	-0.7184	3	12
1983	1983	0.7658	-0.517	3	46
1984	1984	-0.4203	-0.3523	2	1
1985	1985	-0.0918	-0.4742	3	19
1986	1986	0.6279	0.3732	4	27
1988	1988	0.3171	-0.6695	3	1
1989	1989	-0.343	-0.3208	4	34
1990	1990	0.7874	0.39	5	32
1992	1992	-0.7336	0.0449	2	17
1993	1993	-0.5089	-0.3307	2	5
1994	1994	0.5817	0.1419	3	40
1995	1995	-0.6566	-0.2112	4	1
1996	1996	0.1619	-0.6188	3	22
1998	1998	0.3017	0.0147	4	66
1999	1999	-0.0789	-0.1613	4	15
2001	2001	0.803	-0.4223	3	43
2002	2002	0.6506	0.447	5	3
2003	2003	0.5046	-0.2215	3	12
2004	2004	-0.2706	-0.1795	4	24
2006	2006	-0.037	-0.2332	4	9
2007	2007	-0.9564	-0.1877	2	1
2008	2008	-0.2595	0.7393	1	12
2009	2009	1.188	0.1832	3	1
2010	2010	-0.8624	-0.156	2	109
2011	2011	0.7056	0.6122	5	12
2012	2012	0.78	0.5728	5	48
2013	2013	0.9466	0.0134	5	5
2014	2014	-0.8742	0.0043	2	6
2015	2015	-0.7781	-0.2606	2	49
2016	2016	1.0545	-0.1815	5	5
2017	2017	-0.7539	-0.1174	2	17
2018	2018	0.6204	0.4633	5	2
2021	2021	-0.4865	-0.3516	4	6
2022	2022	-0.1944	0.7864	1	445
2023	2023	0.7212	-0.5906	3	26
2024	2024	0.6761	-0.4793	3	3
2026	2026	-0.2814	-0.4597	2	79
2028	2028	0.8562	-0.2769	3	1
2031	2031	0.915	-0.3838	3	1
2032	2032	0.6117	0.4935	5	2
2034	2034	-0.6749	-0.2392	2	2
2037	2037	-0.9376	0.0581	2	4
2039	2039	-0.7908	-0.1208	2	18
2040	2040	-0.3325	-0.3175	4	1
2042	2042	-0.6282	-0.4077	2	18
2043	2043	-0.0569	0.651	5	39
2044	2044	-0.2085	0.8634	1	1
2046	2046	0.8182	0.213	3	1
2047	2047	-0.8717	-0.1484	2	28
2048	2048	0.7928	-0.5124	3	5
2049	2049	-0.8837	-0.1554	2	17
2050	2050	-0.4105	-0.5262	3	12
2051	2051	-0.8779	0.0776	2	3
2052	2052	0.7467	-0.2397	5	24
2053	2053	0.7025	-0.2611	3	4
2054	2054	1.0303	-0.0587	5	3
2055	2055	-0.1212	0.8244	1	1
2056	2056	-0.5645	0.4836	2	4
2057	2057	0.819	-0.1808	3	3
2058	2058	-0.6547	-0.2545	2	8
2059	2059	-0.0249	-0.2559	4	2
2060	2060	0.5498	-0.4721	3	17
2061	2061	-0.9555	0.0283	2	1
2063	2063	0.8158	0.4484	5	4
2066	2066	0.7603	0.5582	5	34
2067	2067	1.1201	0.1922	5	4
2068	2068	-0.2103	0.8901	1	4
2072	2072	-0.667	0.4096	2	3
2073	2073	-0.8744	0.1031	2	6
2083	2083	0.3768	0.3258	3	100
2084	2084	0.7905	-0.4864	3	21
2085	2085	-0.1548	-0.3233	4	61
2086	2086	-0.7484	-0.1072	2	120
1901	1901	-0.8175	0.1105	2	12
1902	1902	1.0031	-0.3524	3	28
1903	1903	-1.0055	-0.0369	2	10
1904	1904	0.972	-0.1301	5	76
1905	1905	0.2557	-0.1285	4	5
1907	1907	-0.5764	-0.147	4	19
1908	1908	0.5404	-0.4555	3	7
1909	1909	0.0394	-0.4538	3	12
1911	1911	0.841	-0.032	5	47
1912	1912	0.9432	0.1051	5	2
1913	1913	-0.9081	-0.153	2	42
1914	1914	0.9953	-0.0085	5	23
1915	1915	-0.8206	-0.0573	2	23
1916	1916	0.9148	-0.4407	3	18
1918	1918	0.8167	0.1337	3	1129
1919	1919	0.6632	-0.2705	3	117
1920	1920	-0.9271	0.0881	2	6
1921	1921	0.8017	-0.2118	3	46
1922	1922	0.5304	0.6698	5	39
1925	1925	0.8096	-0.5594	3	121
1926	1926	-0.6414	0.2889	2	2
1927	1927	-0.2562	-0.1821	4	438
1928	1928	-0.3923	-0.3763	4	18
1930	1930	-0.3623	-0.3271	4	3
1931	1931	0.7593	-0.5596	3	5
1932	1932	0.2158	-0.5402	3	96
1933	1933	-0.6526	0.287	2	22
1935	1935	0.009	-0.7201	3	197
1937	1937	-0.1117	0.7785	1	9
1939	1939	0.873	0.411	5	72
1940	1940	-0.5062	0.5734	1	47
1942	1942	-0.2091	0.8927	1	85
1944	1944	-0.7112	-0.342	2	839
1945	1945	0.5042	-0.6491	3	2
1946	1946	0.9637	-0.3003	3	2
1947	1947	-0.5318	-0.3245	4	105
1948	1948	-0.873	-0.1005	2	23
1949	1949	0.0947	0.7423	5	1
1950	1950	-0.8273	0.0587	2	4
1951	1951	-0.9196	0.1299	2	1
1952	1952	0.2335	0.5865	5	6
1953	1953	0.4642	0.6682	5	4
1955	1955	-0.2206	0.8956	1	24
1956	1956	0.6386	-0.5675	3	479
1958	1958	0.4781	-0.5801	3	261
1959	1959	-0.4947	0.5266	1	24
1960	1960	-0.8819	0.176	2	5
1964	1964	0.6844	-0.405	3	48
1965	1965	-0.5232	0.5507	2	2
1966	1966	0.4074	-0.48	3	50
1967	1967	-0.5953	-0.2917	2	3
1968	1968	-0.91	-0.0088	2	18
1969	1969	0.5505	0.5833	5	7
1970	1970	0.477	0.4728	5	1
1971	1971	1.0586	0.3321	5	8
1972	1972	-0.3435	-0.3117	4	55
1973	1973	0.0408	-0.2953	4	3
1974	1974	0.6074	0.4695	5	18
1975	1975	-0.8935	0.0461	2	3
1977	1977	0.8262	-0.1146	5	6
1978	1978	-0.1808	-0.0142	5	18
1981	1981	0.2319	-0.6828	3	1
1873	1873	0.4546	-0.4896	3	2
1874	1874	-0.8818	-0.1935	2	30
1875	1875	-0.9224	0.0024	2	82
1876	1876	-0.1446	-0.1333	4	8
1877	1877	0.0619	-0.439	3	35
1888	1888	-0.8763	0.1684	2	198
1890	1890	0.669	-0.2065	3	84
1891	1891	0.941	-0.4189	3	39
1892	1892	-0.7404	-0.2508	2	103
1893	1893	0.1836	-0.7057	3	3
1894	1894	-0.2108	0.7763	1	9
1895	1895	-0.5495	-0.3602	2	3
1896	1896	-0.3684	0.597	1	55
1897	1897	0.2511	-0.5535	3	4
1898	1898	-0.8408	-0.2089	2	6
1899	1899	-0.6127	0.3964	2	26
1900	1900	-0.8267	-0.1744	2	9
1785	1785	-0.7992	-0.1237	2	68
1786	1786	0.281	-0.522	3	30
1787	1787	0.9201	-0.364	3	2
1789	1789	0.2349	-0.4207	3	46
1790	1790	-0.6988	0.3274	2	53
1791	1791	0.6287	-0.0844	3	8
1792	1792	0.2998	0.0315	4	1
1793	1793	-0.719	0.3841	2	1
1794	1794	-0.9288	-0.2032	2	5
1795	1795	0.772	-0.5159	3	3
1796	1796	-0.8945	0.0234	2	8
1797	1797	-0.3024	0.5945	1	6
1799	1799	0.6608	0.4163	5	47
1800	1800	-0.1169	-0.4294	3	4
1801	1801	0.7603	-0.458	3	25
1802	1802	0.8411	0.5429	5	80
1803	1803	-0.8777	-0.1971	2	4
1804	1804	1.0226	-0.346	3	1
1806	1806	0.6226	0.184	3	6
1807	1807	-0.908	-0.2152	2	7
1808	1808	0.4891	-0.394	3	13
1809	1809	-0.1891	-0.1305	4	5
1810	1810	0.704	0.6231	5	12
1812	1812	-0.445	0.6389	1	15
1813	1813	-0.2083	0.8914	1	8
1814	1814	-0.6568	-0.1597	2	9
1815	1815	-0.8351	-0.04	2	3
1816	1816	-0.751	-0.2175	2	16
1817	1817	-0.4415	0.6488	1	20
1819	1819	-0.3721	0.5813	1	4
1820	1820	-0.653	-0.2553	2	24
1822	1822	-0.6175	0.451	2	49
1824	1824	1.1555	0.2078	5	199
1825	1825	0.6776	0.3406	5	23
1826	1826	-0.8134	0.1809	2	15
1827	1827	-0.7779	-0.2092	2	6
1829	1829	-0.9945	-0.1706	2	43
1830	1830	0.6517	0.442	5	165
1831	1831	-0.2027	0.7601	1	176
1832	1832	0.0033	0.7669	1	6
1833	1833	-0.6534	-0.259	2	4
1835	1835	-0.7666	-0.2353	2	236
1837	1837	-0.2517	-0.1719	4	5
1838	1838	0.6604	0.4238	5	21
1839	1839	-0.9142	0.0696	2	29
1841	1841	0.9878	-0.306	3	5
1843	1843	0.6193	0.4759	3	233
1844	1844	-0.3153	0.5522	1	15
1845	1845	0.8365	-0.3766	3	2
1847	1847	0.8059	-0.0059	5	1756
1848	1848	0.0589	0.7554	1	17
1849	1849	0.7743	-0.5238	3	9
1850	1850	0.0212	-0.7222	3	208
1852	1852	0.8287	0.2768	5	223
1854	1854	-0.1411	0.7986	1	1296
1855	1855	0.8236	-0.0097	3	11
1856	1856	-0.8242	-0.2451	2	25
1857	1857	0.7743	0.5776	5	1
1860	1860	-0.9341	-0.1433	2	3
1861	1861	0.8567	-0.3865	3	24
1863	1863	-0.6528	0.3659	2	6
1864	1864	0.2509	-0.6432	3	1
1865	1865	0.7732	0.0848	5	179
1867	1867	1.0098	0.0425	5	170
1868	1868	0.5393	0.5138	5	31
1869	1869	0.2686	-0.6757	3	23
1870	1870	-0.8744	-0.08	2	1
1871	1871	0.2985	0.3957	5	56
1872	1872	0.6857	-0.1971	3	43
1683	1683	0.6892	0.0657	3	18
1684	1684	-0.3552	0.2198	2	4
1685	1685	-0.6007	-0.2208	4	4
1686	1686	0.8529	0.5037	5	4
1692	1692	-0.8254	-0.1013	2	5
1693	1693	0.8456	0.5378	5	4
1694	1694	0.7426	0.0231	3	118
1695	1695	0.6571	0.4213	5	4
1696	1696	-0.6591	-0.2282	2	2
1697	1697	-0.8311	-0.2132	2	58
1698	1698	0.7843	-0.4107	3	32
1699	1699	0.725	-0.2154	3	106
1700	1700	0.4827	0.5205	3	170
1702	1702	0.7258	-0.5021	3	33
1703	1703	0.0895	-0.7147	3	326
1704	1704	0.4105	-0.4454	3	50
1706	1706	0.7771	0.44	5	2
1707	1707	0.7875	-0.4343	3	127
1709	1709	0.0891	0.3762	5	1785
1711	1711	0.2678	0.1649	4	93
1712	1712	0.7959	-0.433	3	1
1713	1713	-0.2052	0.7597	1	1
1716	1716	0.6704	0.4099	3	2
1717	1717	0.6786	-0.2406	3	9
1718	1718	-0.846	0.0835	2	2
1719	1719	0.6587	-0.4646	3	22
1720	1720	-0.1791	-0.2623	4	2
1721	1721	0.8404	0.5421	5	9
1722	1722	0.5797	-0.1253	3	47
1723	1723	-0.877	-0.1391	2	75
1724	1724	0.6534	0.3976	3	23
1725	1725	0.6451	0.4689	5	4
1726	1726	-0.1411	0.7443	1	10
1728	1728	-0.961	-0.1736	2	105
1729	1729	1.0256	-0.3334	3	29
1730	1730	0.3195	-0.2241	3	254
1731	1731	-0.9	-0.2228	2	28
1732	1732	-0.7285	0.117	2	20
1733	1733	1.0269	0.0989	5	59
1734	1734	0.9585	-0.3644	3	1
1736	1736	1.0226	-0.3494	3	1
1737	1737	0.8153	0.1982	3	23
1738	1738	0.9075	0.3487	3	346
1739	1739	0.811	0.564	5	5
1740	1740	0.2687	-0.027	4	83
1741	1741	0.7439	-0.1705	3	9
1742	1742	-0.6352	-0.3947	2	52
1743	1743	-0.5334	0.5384	1	631
1744	1744	0.7848	-0.3576	3	3
1745	1745	0.6523	0.426	5	3
1746	1746	1.253	-0.2571	3	107
1747	1747	-0.7987	-0.1128	2	40
1748	1748	0.697	0.4296	5	46
1751	1751	-0.7963	-0.2243	2	1
1752	1752	-0.4102	0.5898	1	21
1753	1753	0.4381	0.6714	5	9
1754	1754	-0.8389	-0.1968	2	39
1755	1755	-0.9693	0.0367	2	1
1756	1756	0.2035	-0.5255	3	40
1757	1757	0.684	-0.2539	3	43
1758	1758	0.4427	-0.5014	3	29
1759	1759	-0.2799	-0.1974	4	2
1760	1760	-0.5979	-0.1145	2	21
1761	1761	0.0673	0.0517	5	2
1763	1763	-0.2234	0.7357	1	8
1764	1764	-0.4119	0.6369	1	13
1765	1765	0.843	-0.4237	3	51
1767	1767	1.062	-0.3366	3	28
1768	1768	0.1421	-0.6029	3	26
1770	1770	-0.5347	0.5519	2	1
1772	1772	1.212	0.2344	5	34
1773	1773	-0.7472	-0.0051	2	1
1774	1774	0.532	-0.5902	3	27
1775	1775	0.0615	0.7514	1	398
1776	1776	0.7426	-0.1692	3	154
1777	1777	1.1915	0.2362	5	42
1778	1778	-0.7217	-0.2644	2	195
1780	1780	-0.6637	-0.2123	4	18
1781	1781	-1.0053	-0.1043	2	2
1782	1782	-0.9369	-0.0078	2	19
1587	1587	-0.9493	-0.1843	2	316
1588	1588	-0.742	-0.26	2	24
1590	1590	-0.3389	0.6767	1	1
1591	1591	0.2188	0.1713	4	22
1592	1592	1.049	-0.3018	3	1
1593	1593	-0.2644	-0.2013	4	179
1594	1594	0.6641	0.435	5	55
1595	1595	-0.8296	0.1741	2	34
1596	1596	0.2304	0.6853	5	48
1597	1597	-0.8326	-0.1651	2	78
1599	1599	0.7813	-0.3551	3	8
1600	1600	-0.1494	-0.4208	3	14
1601	1601	-0.251	0.3759	4	5
1602	1602	-0.7551	-0.032	2	44
1603	1603	-0.948	-0.1751	2	19
1604	1604	-0.7684	-0.1116	2	316
1605	1605	-0.0571	-0.4374	3	190
1607	1607	-0.9003	0.0613	2	1
1608	1608	0.4787	0.584	5	103
1609	1609	-0.7587	-0.2137	2	20
1610	1610	0.3954	-0.2254	3	43
1612	1612	-0.3679	0.5866	1	19
1613	1613	0.7259	-0.5465	3	2
1614	1614	0.5131	0.3764	3	15
1615	1615	0.1031	0.7233	1	5
1616	1616	-0.6018	-0.1627	2	469
1617	1617	-0.1233	0.7639	1	97
1618	1618	-0.0809	-0.3644	3	2
1619	1619	-0.5615	0.1137	4	3
1621	1621	-0.8957	-0.1532	2	39
1622	1622	-0.8122	-0.1863	2	38
1623	1623	-0.9607	-0.0764	2	23
1624	1624	0.7711	-0.2606	3	8
1625	1625	0.5442	0.596	5	10
1626	1626	0.6545	0.4127	5	205
1627	1627	0.6242	0.6489	5	116
1628	1628	0.4923	-0.323	3	178
1629	1629	1.2466	-0.2516	3	40
1630	1630	0.0397	-0.1822	4	124
1631	1631	-0.2143	0.8835	1	51
1632	1632	-0.4645	0.1353	5	34
1633	1633	0.8873	0.3867	5	180
1634	1634	0.8577	-0.254	3	24
1635	1635	-0.9222	0.028	2	65
1636	1636	0.5042	-0.4932	3	27
1637	1637	0.6182	-0.4841	3	2
1638	1638	1.1187	0.1366	5	3
1639	1639	0.2123	-0.0354	4	33
1640	1640	0.7076	0.5937	5	77
1641	1641	-0.5621	-0.2839	2	15
1642	1642	0.6898	-0.2597	3	37
1643	1643	0.658	0.4395	5	13
1644	1644	-0.5796	-0.2526	2	8
1645	1645	0.9333	-0.4188	3	3
1646	1646	0.3782	-0.4978	3	7
1647	1647	-0.8694	-0.197	2	2
1648	1648	0.6734	-0.5609	3	7
1649	1649	-0.944	-0.1253	2	13
1650	1650	0.2947	-0.6382	3	4
1652	1652	0.8722	-0.2919	5	51
1654	1654	-0.1024	0.1486	4	8
1655	1655	0.3781	-0.4999	3	32
1656	1656	0.3262	0.2111	4	351
1657	1657	-0.495	-0.3787	2	1
1658	1658	0.7787	-0.4067	3	2
1659	1659	-0.4315	-0.3516	4	8
1660	1660	0.426	-0.4935	3	15
1661	1661	0.9022	-0.5144	3	5
1662	1662	0.9366	-0.4647	3	4
1663	1663	0.5812	-0.0199	4	2
1664	1664	-0.7702	-0.1986	2	5
1665	1665	0.0821	-0.1232	4	13
1666	1666	-0.8204	-0.0896	2	1
1667	1667	-0.8055	-0.137	2	69
1668	1668	-0.2135	0.8309	1	1
1669	1669	0.4929	-0.5359	3	106
1670	1670	0.1075	0.7596	5	12
1671	1671	0.2283	-0.6882	3	2
1672	1672	-0.497	-0.3615	2	2
1673	1673	0.616	0.1688	5	4
1674	1674	-0.7599	-0.304	2	86
1675	1675	-0.3555	0.683	1	113
1677	1677	-0.6273	-0.3226	2	8
1688	1688	-0.204	0.8202	1	2
1689	1689	-0.8595	-0.1304	2	38
1483	1483	0.8283	0.4286	5	2
1484	1484	0.4984	0.6231	5	3
1485	1485	0.2355	-0.6878	3	7
1486	1486	0.6153	-0.5615	3	24
1494	1494	0.1032	-0.3018	4	26
1495	1495	-0.5039	-0.3186	2	14
1498	1498	-0.971	-0.0388	2	7
1499	1499	-0.5675	-0.4168	2	74
1500	1500	-0.3752	-0.3133	4	13
1501	1501	-0.8514	-0.1903	2	15
1502	1502	-0.8647	-0.1928	2	16
1503	1503	0.008	-0.6818	3	1
1504	1504	0.5735	-0.5575	3	8
1505	1505	0.8738	-0.5127	3	20
1507	1507	-0.399	0.5519	2	3
1508	1508	-0.6088	-0.2031	4	37
1509	1509	0.8616	-0.1331	3	25
1510	1510	0.2557	0.0792	5	6
1511	1511	0.9826	-0.196	3	3
1512	1512	-0.2259	0.8554	1	2
1513	1513	0.8484	0.2362	5	29
1515	1515	-0.1055	0.7748	1	93
1518	1518	0.4612	-0.3774	3	4
1519	1519	-0.9387	0.084	2	769
1520	1520	0.7304	-0.1672	3	14
1521	1521	-0.9024	-0.1454	2	1
1522	1522	-0.7318	0.258	2	4
1523	1523	-0.6475	0.2179	2	18
1524	1524	0.8215	0.4635	5	122
1525	1525	-0.5316	-0.1477	2	698
1526	1526	0.5038	-0.5884	3	3
1527	1527	-0.8731	-0.2101	2	2
1528	1528	-0.8727	0.1729	2	33
1529	1529	0.0228	-0.7188	3	53
1530	1530	0.6816	-0.5251	3	3
1531	1531	0.6496	-0.5647	3	28
1532	1532	-0.7027	-0.2411	2	37
1533	1533	0.7536	-0.4836	3	10
1534	1534	-0.4429	0.4246	2	1
1537	1537	-0.6678	-0.2254	2	4
1540	1540	0.2185	-0.4891	3	36
1541	1541	-0.3954	0.483	2	4
1542	1542	0.8356	0.2849	5	3
1543	1543	0.3534	0.6265	5	1
1545	1545	0.2728	-0.1303	4	31
1546	1546	-0.9022	-0.0562	2	93
1547	1547	-0.8461	-0.1875	2	1
1548	1548	-0.2322	0.0373	2	3
1549	1549	0.6688	0.4267	5	126
1550	1550	0.9309	0.4873	5	188
1551	1551	-0.9331	-0.1518	2	2
1552	1552	0.7013	-0.445	3	1
1553	1553	0.368	0.6415	5	255
1554	1554	0.6806	-0.259	3	111
1555	1555	-0.9138	-0.2185	2	14
1556	1556	-0.9145	-0.1386	2	18
1558	1558	-0.5796	0.4555	2	3
1559	1559	0.7755	-0.4352	3	13
1560	1560	0.9133	-0.5063	3	2
1562	1562	-0.6713	-0.0257	2	5
1563	1563	1.1939	0.2391	5	8
1564	1564	-0.7942	-0.2299	2	58
1565	1565	0.0139	-0.7188	3	1
1566	1566	0.6864	-0.5343	3	39
1567	1567	-0.547	-0.3395	4	15
1568	1568	-0.5377	-0.2334	4	216
1569	1569	0.3269	-0.5294	3	2
1570	1570	0.5124	0.5452	5	21
1572	1572	-0.6197	0.4489	2	11
1573	1573	0.8535	-0.3759	3	1
1574	1574	1.2507	-0.2633	3	43
1576	1576	-0.5425	0.532	2	256
1577	1577	0.7961	0.406	5	25
1579	1579	0.7984	-0.4167	3	1
1580	1580	-0.2566	-0.1849	4	508
1581	1581	-0.884	-0.0661	4	4
1582	1582	-0.1799	0.7867	1	40
1583	1583	0.7578	0.5188	5	94
1584	1584	-0.0108	0.7694	1	2
1585	1585	-0.5408	-0.2686	4	30
1586	1586	-0.8481	0.024	2	6
1388	1388	1.1201	0.1911	5	3
1390	1390	-0.8928	0.1543	2	14
1391	1391	-0.4303	0.6534	1	11
1392	1392	0.6501	-0.3082	3	125
1394	1394	-0.3157	0.7345	1	9
1396	1396	0.3307	-0.1625	3	27
1397	1397	1.0282	0.1037	5	12
1398	1398	-0.9952	-0.1486	2	201
1399	1399	-0.9232	-0.1045	2	1
1400	1400	0.7663	-0.2434	3	20
1401	1401	0.3415	-0.5458	3	1608
1402	1402	0.5948	0.178	3	24
1403	1403	0.045	0.7557	1	4
1405	1405	0.0361	-0.7164	3	7
1406	1406	-0.8349	-0.1226	2	6
1407	1407	-0.3775	0.5625	2	190
1408	1408	-0.339	0.6411	1	1
1409	1409	0.5799	0.5106	5	3
1410	1410	-0.8209	-0.0936	2	14
1411	1411	-0.5754	-0.1764	2	26
1412	1412	-0.0005	0.7663	1	7
1413	1413	-0.7398	-0.1843	2	67
1414	1414	0.0653	-0.4991	3	1
1415	1415	0.2775	-0.1414	4	116
1416	1416	0.7414	0.597	5	21
1417	1417	0.4712	-0.5429	3	11
1418	1418	0.4483	-0.5768	3	3
1419	1419	-0.5079	-0.3064	2	5
1420	1420	-0.2015	-0.355	3	3
1421	1421	-0.3582	-0.3164	4	23
1422	1422	-0.4798	-0.379	2	5
1423	1423	0.6586	-0.4367	3	17
1426	1426	-0.8875	-0.2086	2	8
1427	1427	0.7139	-0.5583	3	5
1428	1428	-0.8992	-0.0195	2	20
1429	1429	0.3522	-0.5092	3	144
1430	1430	-0.9541	0.0505	2	30
1431	1431	-0.883	0.177	2	17
1432	1432	0.4565	-0.413	3	5
1433	1433	-0.2679	-0.4715	3	482
1434	1434	-0.3581	-0.1908	4	85
1435	1435	0.6381	0.465	5	3
1436	1436	-0.6835	0.1771	2	1
1437	1437	0.8588	0.2193	5	13
1438	1438	0.3816	0.4654	3	4
1439	1439	-0.3775	0.5986	1	3
1441	1441	0.323	-0.5732	3	37
1443	1443	-0.5347	0.4697	2	2
1445	1445	1.112	-0.3016	3	40
1447	1447	0.2587	-0.0035	4	709
1448	1448	0.0869	-0.7163	3	3
1450	1450	0.496	-0.5513	3	347
1451	1451	-0.2947	0.0014	4	12
1454	1454	0.0162	-0.2171	4	30
1456	1456	0.8809	-0.4513	3	7
1457	1457	1.0512	0.1146	3	510
1458	1458	-0.7247	-0.2154	2	72
1460	1460	0.7842	-0.5527	3	552
1461	1461	0.5266	-0.6117	3	18
1462	1462	-0.0744	-0.5033	3	343
1463	1463	0.56	-0.0043	3	51
1464	1464	-0.9164	0.0392	2	7
1465	1465	-0.1941	-0.1386	4	15
1467	1467	0.8282	0.2819	5	54
1468	1468	-0.8147	-0.1249	2	579
1469	1469	-0.8696	-0.1789	2	20
1470	1470	-0.4019	-0.3789	4	1
1471	1471	0.7647	-0.5356	3	114
1472	1472	-0.8514	0.1895	2	4
1475	1475	0.8647	-0.2761	3	79
1476	1476	0.6085	0.5672	5	20
1477	1477	0.3238	0.0223	4	1
1478	1478	-0.9147	-0.0886	2	7
1479	1479	1.0782	0.1372	5	17
1480	1480	-0.2396	-0.1551	4	10
1488	1488	1.2287	-0.2732	3	60
1489	1489	0.3072	-0.0409	4	2
1490	1490	-0.3736	-0.2714	4	1289
1491	1491	0.7368	-0.4852	3	196
1492	1492	-0.7543	-0.0085	2	3
1493	1493	-0.5052	-0.3514	4	108
1280	1280	0.5517	0.5526	5	225
1281	1281	-0.8436	-0.0439	2	1
1282	1282	-0.6499	-0.2306	2	142
1283	1283	-0.1835	-0.1602	4	7
1284	1284	-0.8514	-0.087	2	119
1285	1285	-0.6623	-0.2843	2	3
1293	1293	-0.8607	-0.2241	2	7
1294	1294	0.1521	-0.6575	3	2
1295	1295	0.7192	0.3406	5	43
1296	1296	-0.7118	-0.1402	2	56
1298	1298	-0.2128	0.851	1	1
1299	1299	-0.4	-0.191	4	23
1300	1300	0.8386	0.5409	5	18
1301	1301	1.0739	0.2332	5	1
1302	1302	-0.8711	-0.1344	2	9
1303	1303	-0.7363	-0.2328	2	100
1304	1304	-0.348	-0.3059	4	2
1305	1305	-0.1664	0.8356	1	4
1306	1306	-0.6904	-0.2765	2	13
1307	1307	-0.8094	0.1745	2	8
1308	1308	-0.7546	0.092	2	139
1309	1309	-0.1437	0.7231	1	3
1310	1310	0.5991	0.6242	5	60
1311	1311	0.7891	-0.3919	3	130
1312	1312	-0.2602	0.8281	1	56
1313	1313	0.9435	-0.4179	3	202
1314	1314	1.0697	0.2158	5	3
1315	1315	0.6182	0.4881	5	2
1316	1316	0.7834	-0.3986	3	1147
1317	1317	-0.8349	-0.1582	2	10
1318	1318	0.7443	-0.0806	3	10
1320	1320	-0.821	-0.0884	2	73
1321	1321	0.8206	0.4546	5	1
1322	1322	-0.6751	-0.2034	2	114
1323	1323	-0.3487	-0.3112	4	8
1324	1324	-0.8829	-0.1747	2	160
1325	1325	-0.8603	-0.1272	2	103
1326	1326	0.2336	-0.4792	3	1
1329	1329	0.5413	0.4135	5	12
1330	1330	-0.7196	0.3761	2	2
1331	1331	0.5132	0.5299	5	117
1332	1332	0.7734	-0.259	3	33
1333	1333	0.5736	-0.3931	3	6
1334	1334	-0.3599	-0.3072	4	92
1336	1336	-0.5131	0.4118	2	8
1337	1337	1.2494	-0.2513	3	2
1338	1338	0.5192	-0.5548	3	68
1340	1340	-0.9067	0.0022	2	347
1341	1341	-0.2413	0.9046	1	9
1343	1343	0.6983	-0.5734	3	609
1344	1344	-0.3388	-0.3187	4	15
1345	1345	-0.103	-0.3955	4	9
1346	1346	-0.7843	0.1731	2	20
1348	1348	1.0011	0.2506	5	73
1349	1349	0.3357	-0.6271	3	1
1350	1350	0.6985	0.3039	5	2
1351	1351	-0.129	0.5966	1	14
1352	1352	0.8709	0.1792	5	209
1353	1353	0.5167	0.4115	5	32
1354	1354	0.8065	-0.4719	3	128
1355	1355	-0.8694	0.1667	2	9
1356	1356	0.3218	-0.4723	3	22
1357	1357	-0.8734	-0.2246	2	33
1358	1358	0.6758	-0.244	3	40
1359	1359	0.6738	0.422	5	1
1360	1360	0.022	0.3581	4	7
1361	1361	-0.3257	-0.3098	4	32
1362	1362	-0.6401	0.198	2	1
1363	1363	0.2311	-0.5416	3	3
1364	1364	0.3172	-0.1237	4	45
1365	1365	0.449	0.0402	4	6
1366	1366	-0.6606	-0.2841	2	11
1369	1369	-0.7621	0.0036	2	854
1371	1371	-0.0259	0.7664	1	2
1372	1372	-0.922	0.0176	2	10
1373	1373	0.1787	0.6087	5	4
1375	1375	-0.2279	0.895	1	331
1376	1376	-0.5206	0.5554	2	87
1377	1377	-0.8488	-0.1798	2	25
1379	1379	0.5232	-0.2495	3	35
1380	1380	-0.0795	-0.3664	3	3
1381	1381	-0.1802	0.855	1	19
1382	1382	-0.4105	0.6473	1	152
1383	1383	-0.8748	-0.1842	2	63
1384	1384	0.651	-0.614	3	8
1386	1386	0.462	-0.4301	3	3
1188	1188	-0.6385	-0.2003	2	181
1189	1189	-0.6156	-0.3275	2	5
1190	1190	0.5285	0.5407	5	1
1191	1191	0.8244	0.2152	5	1
1192	1192	-0.8143	-0.1515	2	60
1193	1193	-0.5093	-0.2407	4	174
1195	1195	-0.7629	0.1566	2	109
1196	1196	0.7775	-0.2301	3	3
1197	1197	-0.9629	0.0054	2	10
1198	1198	0.8825	-0.5326	3	3
1199	1199	-0.7058	-0.2667	2	1
1200	1200	0.5292	-0.4778	3	40
1201	1201	-0.638	-0.2085	4	9
1202	1202	-0.358	0.6293	1	42
1203	1203	-0.9772	-0.0204	2	159
1204	1204	-0.8607	-0.181	2	3
1205	1205	0.7501	0.5764	5	12
1206	1206	0.4842	-0.2467	3	67
1207	1207	0.2996	0.0096	4	8
1208	1208	-0.122	0.8018	1	32
1209	1209	-0.11	0.7104	1	108
1210	1210	-0.6963	-0.1633	2	2
1211	1211	-0.9113	-0.1456	2	7
1212	1212	-0.8925	-0.2274	2	1
1213	1213	-0.4926	-0.2283	2	6
1214	1214	0.077	-0.1238	4	7
1216	1216	0.5046	0.4127	5	6
1218	1218	0.7975	-0.3585	3	35
1219	1219	-0.6622	0.2249	2	83
1220	1220	-0.8373	-0.1875	2	11
1221	1221	0.6164	-0.4834	3	12
1223	1223	0.6611	-0.4537	3	1
1224	1224	-0.3962	-0.1914	2	85
1226	1226	0.7815	-0.3153	3	81
1227	1227	-0.7709	-0.2228	2	9
1228	1228	0.9652	-0.3664	3	29
1230	1230	-0.8597	-0.0356	2	31
1231	1231	0.433	-0.5176	3	1182
1232	1232	0.7527	-0.5364	3	1
1233	1233	-0.9473	0.0723	2	44
1234	1234	-0.9063	-0.0289	2	230
1235	1235	-0.729	0.2664	2	14
1236	1236	-0.3465	-0.2365	4	4
1238	1238	-0.6784	-0.1745	2	7
1239	1239	-0.757	-0.0147	2	1
1240	1240	0.4788	0.0846	3	70
1241	1241	-0.6962	0.0352	2	49
1242	1242	-0.0244	0.7415	1	16
1243	1243	-0.7237	-0.2863	2	243
1244	1244	0.8021	-0.5239	3	40
1245	1245	-0.8302	0.1438	2	1
1247	1247	0.8096	-0.0979	3	1801
1248	1248	-0.5354	-0.2855	4	37
1249	1249	1.2124	0.2357	5	32
1250	1250	0.7673	-0.1129	3	78
1251	1251	-0.8127	-0.174	2	3
1252	1252	0.811	0.2716	5	7
1253	1253	-0.8646	-0.0178	2	1
1254	1254	-0.4963	0.5467	1	57
1255	1255	-0.9214	-0.0462	2	8
1256	1256	-0.9006	-0.163	2	19
1257	1257	-0.6364	0.1368	2	22
1258	1258	-0.392	-0.478	3	793
1259	1259	0.6678	0.2359	4	404
1260	1260	-1.0035	-0.1582	2	74
1261	1261	-0.6024	-0.2197	2	34
1262	1262	0.6169	-0.2857	3	10
1263	1263	0.8459	0.2364	5	521
1264	1264	0.7437	0.0233	3	13
1266	1266	0.7865	-0.3948	3	3
1267	1267	1.25	-0.2665	3	21
1270	1270	0.7517	0.5707	5	75
1271	1271	0.7785	-0.4168	3	99
1272	1272	0.1437	0.4856	1	94
1274	1274	0.1491	-0.653	3	56
1275	1275	0.6871	0.4053	5	108
1276	1276	-0.9486	-0.0559	2	327
1277	1277	-0.9591	-0.1422	2	1
1278	1278	0.7606	0.5894	5	73
1279	1279	-0.5825	0.4837	2	172
1083	1083	0.6398	0.4477	5	130
1084	1084	-0.3595	-0.0625	3	13
1085	1085	-0.8034	0.0003	4	1
1086	1086	0.0097	-0.7179	3	12
1088	1088	-0.7755	-0.12	2	100
1089	1089	1.1994	0.2346	5	39
1090	1090	0.2371	-0.1306	4	4
1096	1096	-0.5055	0.5551	2	2
1097	1097	0.3908	-0.1208	4	6
1098	1098	0.6232	0.3971	4	64
1099	1099	0.5906	-0.5965	3	2
1100	1100	-0.9632	-0.1447	2	76
1101	1101	-0.1151	0.7505	1	94
1102	1102	0.5842	0.6269	5	65
1103	1103	0.7969	-0.3341	3	13
1104	1104	0.7166	0.4864	5	2
1105	1105	-0.8382	-0.1114	2	46
1106	1106	-0.6224	-0.3966	2	67
1107	1107	-0.7939	-0.0392	2	1
1108	1108	0.2367	-0.5421	3	10
1109	1109	0.521	-0.581	3	60
1112	1112	-0.8152	-0.226	2	34
1113	1113	0.6289	-0.3681	3	262
1114	1114	-0.1906	-0.3007	4	3
1115	1115	-0.9894	-0.0036	2	35
1116	1116	-0.7343	-0.1065	2	3
1117	1117	-0.9237	-0.0745	2	40
1118	1118	-0.5733	-0.1791	2	34
1119	1119	0.9203	-0.3629	3	90
1120	1120	1.0309	-0.0603	5	198
1122	1122	-0.6704	-0.3347	2	74
1123	1123	0.8091	-0.1003	3	2
1124	1124	-0.8832	-0.1311	2	11
1126	1126	-0.8562	-0.2182	2	18
1127	1127	-0.8431	-0.2127	2	7
1128	1128	0.5744	-0.558	3	25
1129	1129	0.9321	0.476	5	302
1130	1130	0.7803	-0.4026	3	249
1131	1131	-0.9317	-0.0636	2	42
1132	1132	0.7484	0.5982	5	9
1133	1133	0.7359	-0.1805	3	10
1134	1134	-0.8219	-0.1451	2	3
1135	1135	0.7706	0.3389	5	9
1136	1136	0.6017	-0.5594	3	49
1137	1137	-0.5736	-0.1448	4	79
1138	1138	0.6953	0.4638	5	276
1139	1139	0.7024	0.5924	5	27
1140	1140	-0.9269	-0.1842	2	31
1141	1141	0.3181	0.0262	4	3
1142	1142	0.6264	-0.3988	3	12
1143	1143	0.271	-0.6646	3	6
1144	1144	0.5516	-0.433	3	1
1145	1145	0.5989	0.5657	5	148
1146	1146	0.7952	-0.4188	3	3
1147	1147	0.8291	0.2833	5	92
1148	1148	0.8174	-0.4997	3	75
1149	1149	-0.9506	-0.0497	2	1
1150	1150	-0.0435	0.5302	1	43
1151	1151	-0.5176	-0.3166	2	140
1152	1152	0.0194	-0.3326	4	48
1153	1153	0.4267	-0.4236	3	1
1155	1155	-0.8306	-0.1945	2	75
1157	1157	-0.8505	-0.1599	2	29
1158	1158	0.3297	-0.4742	3	8
1159	1159	-0.8362	-0.2009	2	15
1162	1162	0.8335	0.3404	5	1
1165	1165	0.353	0.6544	5	246
1166	1166	0.6583	0.5782	5	305
1167	1167	1.0205	-0.3479	3	21
1168	1168	-0.7058	0.0403	2	9
1169	1169	0.3061	-0.0894	4	34
1171	1171	-0.1307	0.3998	5	20
1172	1172	0.8754	-0.2726	3	159
1173	1173	-0.9054	-0.2271	2	33
1174	1174	-0.9234	-0.1938	2	4
1175	1175	0.4135	0.4319	5	79
1176	1176	-0.5268	-0.1282	2	6
1177	1177	-0.521	-0.3604	2	188
1178	1178	-0.1943	-0.1957	4	37
1179	1179	0.4396	0.6678	1	14
1180	1180	-0.6358	0.4129	2	1
1181	1181	-0.6902	-0.2356	2	1
1182	1182	0.8384	0.2685	3	32
1183	1183	0.7848	-0.3948	3	158
1185	1185	0.6914	0.1807	3	327
1187	1187	0.7785	0.5705	5	30
993	993	-0.4148	-0.3086	4	6
994	994	-0.4453	0.3677	5	1
995	995	0.7206	0.2861	5	32
996	996	-0.1502	0.8187	1	85
997	997	0.803	-0.5461	3	1
998	998	0.4067	0.0232	4	26
999	999	0.8011	-0.0731	3	79
1001	1001	0.0409	-0.5536	3	277
1003	1003	0.663	-0.4971	3	31
1006	1006	0.6441	0.631	5	22
1007	1007	-0.7022	0.3006	2	17
1008	1008	-0.6504	0.2417	2	61
1009	1009	1.1243	0.1337	5	87
1010	1010	-0.8567	-0.1989	2	32
1011	1011	-0.8096	0.2094	2	52
1012	1012	-0.9416	-0.076	2	21
1013	1013	-0.795	-0.198	2	118
1014	1014	0.7423	0.5609	5	4
1015	1015	-0.5515	0.5261	2	1180
1016	1016	0.544	0.5529	5	12
1017	1017	-0.9006	-0.1998	2	1
1018	1018	-0.1954	-0.1195	4	24
1019	1019	-0.4988	-0.2384	2	138
1020	1020	0.7067	-0.0331	5	57
1021	1021	-0.5996	0.2898	2	16
1022	1022	-0.6651	-0.1345	2	16
1023	1023	0.1172	0.0319	2	14
1024	1024	0.8884	0.0177	5	2
1025	1025	0.9468	-0.3913	3	732
1026	1026	0.5779	0.5973	5	5
1027	1027	0.7333	0.1033	3	8
1028	1028	0.7355	0.5974	5	8
1029	1029	0.5778	0.5596	5	1
1030	1030	-0.9821	-0.0933	2	124
1031	1031	0.485	-0.0784	4	155
1032	1032	0.2983	0.3239	5	3
1033	1033	0.9569	0.0914	5	21
1035	1035	1.1866	0.2191	5	174
1036	1036	-0.8219	-0.2331	2	1
1037	1037	-0.5842	-0.2257	4	74
1038	1038	-0.6541	-0.1942	2	22
1039	1039	-0.8542	0.0635	2	4
1040	1040	0.5073	-0.4989	3	90
1041	1041	-0.9351	-0.1122	2	14
1042	1042	-0.045	-0.4801	3	2
1044	1044	-0.547	0.5341	2	1
1045	1045	0.1878	0.6704	1	29
1046	1046	0.6557	0.4477	5	8
1047	1047	0.3977	-0.5463	3	8
1048	1048	-0.8	0.0336	2	9
1049	1049	-0.8126	-0.0729	2	5
1051	1051	-0.0614	-0.2681	4	48
1052	1052	-0.8605	-0.0708	2	3
1053	1053	-0.7793	-0.1291	2	17
1055	1055	-0.1657	0.7697	1	141
1057	1057	0.9575	0.0911	5	27
1058	1058	-0.7379	-0.0181	2	223
1059	1059	-0.1773	0.8538	1	139
1060	1060	0.5022	-0.4952	3	36
1061	1061	0.1773	0.5874	1	39
1062	1062	-0.866	0.1739	2	14
1063	1063	0.7507	-0.4535	3	15
1064	1064	0.7341	-0.4224	3	47
1065	1065	0.7755	-0.1179	3	1
1066	1066	-0.8916	-0.1623	2	15
1067	1067	0.3539	-0.4891	3	10
1068	1068	-0.8835	-0.0869	2	13
1069	1069	-0.3559	-0.2666	2	71
1070	1070	0.5682	-0.5538	3	15
1071	1071	0.0716	-0.4659	3	2
1072	1072	0.3431	0.0228	4	3
1073	1073	-0.5422	0.4795	2	192
1074	1074	0.6431	-0.269	3	27
1075	1075	0.0468	0.5952	2	275
1076	1076	-0.1707	0.845	1	27
1077	1077	-0.9695	-0.1437	2	999
1078	1078	-0.8653	-0.1417	2	124
1079	1079	0.9338	0.3687	5	29
1080	1080	0.6503	0.6381	5	6
1081	1081	-0.4474	-0.3532	4	1
1091	1091	1.2113	0.2325	5	82
1092	1092	0.2618	-0.5963	3	2
1093	1093	1.2132	0.2369	5	3
1094	1094	0.6428	-0.332	3	6
1095	1095	0.7021	-0.193	3	10
889	889	-0.8463	-0.137	2	51
890	890	0.9128	-0.0633	5	6
891	891	0.3427	0.1417	4	335
892	892	-0.6529	-0.0254	2	9
896	896	-0.7991	-0.0804	2	30
897	897	0.5699	-0.5509	3	3
898	898	-0.2302	0.8813	1	49
902	902	0.0249	-0.7221	3	154
903	903	-0.8117	-0.2442	2	8
904	904	1.1871	0.2346	5	7
905	905	0.3088	0.051	4	202
906	906	0.6613	0.4119	5	125
907	907	0.2934	-0.6468	3	48
908	908	0.8372	0.2851	5	64
909	909	-0.8236	-0.2199	2	7
910	910	0.4973	-0.5607	3	341
911	911	-0.098	0.7602	1	330
912	912	0.9906	0.0148	5	29
913	913	0.8167	0.4603	5	78
914	914	0.8449	-0.461	5	3
915	915	-0.1108	-0.1132	4	182
916	916	-0.6775	0.3317	2	98
917	917	-0.3702	0.6864	1	23
918	918	0.274	-0.6029	3	59
920	920	0.7745	-0.0274	3	21
921	921	-0.7846	0.0547	2	189
922	922	-0.7647	0.0339	2	19
923	923	-0.7293	0.2563	2	135
924	924	-0.9356	0.001	2	260
926	926	0.5935	-0.4735	3	11
928	928	1.2479	-0.2608	3	2
929	929	-0.8042	-0.233	2	4
930	930	-0.8622	-0.1927	2	206
933	933	-0.6396	-0.3905	2	8
934	934	0.0607	-0.2398	4	20
935	935	0.9143	-0.3359	3	2
936	936	0.6778	-0.2412	3	2
938	938	-0.2365	-0.4544	2	1
939	939	0.3918	-0.4515	3	73
940	940	0.4022	-0.4354	3	6
941	941	-0.9277	0.0048	2	74
942	942	-0.665	-0.0067	2	990
943	943	-0.9212	0.0069	2	35
944	944	-0.7265	0.028	2	8
945	945	0.7628	-0.3643	3	19
946	946	-0.5945	-0.2211	4	72
947	947	0.9795	-0.3519	3	35
949	949	0.4944	-0.5263	3	5
950	950	-0.3336	-0.3084	4	2
951	951	-0.6485	0.2369	2	113
952	952	-0.6244	-0.2302	4	32
953	953	0.6497	-0.6278	3	10
954	954	-0.8582	-0.0003	2	124
955	955	-0.36	-0.3247	4	38
956	956	-0.8583	-0.1173	2	203
957	957	0.7614	-0.3226	3	4
958	958	-0.0078	0.7722	1	106
959	959	0.4608	-0.5284	3	585
960	960	0.25	-0.0149	4	21
961	961	-0.6219	0.4531	2	126
962	962	-0.8804	-0.2108	2	19
963	963	-0.8468	-0.1651	2	30
964	964	-0.1963	-0.1266	4	7
965	965	-0.6862	-0.0828	2	37
966	966	-0.1953	-0.1248	4	73
967	967	-0.793	-0.1308	2	28
968	968	1.2444	-0.2592	3	109
969	969	-0.5363	-0.195	2	1
971	971	0.4207	-0.5324	3	4
972	972	-0.8348	-0.0754	2	5
975	975	-0.8271	0.0894	2	9
976	976	0.2485	-0.2344	4	36
978	978	-0.2229	-0.1402	4	41
979	979	-0.8299	0.0066	2	8
980	980	1.0357	-0.3332	3	2
981	981	0.6364	0.3591	5	636
982	982	-0.1607	-0.2132	4	8
983	983	0.7632	0.5457	5	48
984	984	-0.8298	-0.1312	2	7
985	985	-0.8172	-0.2242	2	1
986	986	-0.8762	-0.1611	2	75
988	988	0.7907	-0.3856	3	71
989	989	0.7652	0.5452	5	14
990	990	-0.0374	0.5763	4	7
991	991	-0.329	0.6902	1	39
796	796	-0.3196	-0.3064	4	188
797	797	-0.3875	0.6766	1	2
798	798	-0.6102	0.2667	2	1
799	799	0.9101	-0.5096	3	52
800	800	-0.9721	-0.1067	2	53
801	801	0.1748	0.5883	1	2
802	802	-0.4732	-0.1836	2	3
803	803	-0.6524	0.2429	2	6
804	804	-0.0595	-0.4019	4	291
805	805	-0.7991	-0.1491	2	61
807	807	0.4999	-0.2695	3	13
808	808	-0.3507	-0.2894	4	11
810	810	-0.8007	-0.181	2	2
811	811	1.2136	0.2409	5	228
812	812	0.5353	-0.1837	3	2
813	813	-0.4147	0.6016	1	26
814	814	-0.5196	0.5567	2	45
815	815	-0.8611	-0.2117	2	206
816	816	0.5806	0.5367	5	5
818	818	-0.3518	-0.309	4	42
819	819	1.238	-0.259	3	18
820	820	0.5472	-0.1953	3	7
821	821	0.6773	-0.2575	3	267
822	822	-0.8282	-0.2285	2	8
823	823	-0.0634	-0.1278	4	28
824	824	-0.7693	-0.1646	2	8
825	825	-0.0195	0.7725	1	73
826	826	-0.6166	0.4415	2	47
827	827	-0.8919	-0.0618	2	223
828	828	-0.6208	0.1811	2	35
829	829	-0.3414	-0.4096	4	74
830	830	0.2934	-0.65	3	1
831	831	0.6761	0.6251	5	490
832	832	-0.9005	0.005	2	1
834	834	0.9058	-0.4226	3	20
835	835	-0.3118	-0.1635	4	9
837	837	0.7811	0.0332	3	26
838	838	0.6133	-0.0745	3	4
839	839	0.026	-0.3668	3	599
841	841	-0.8008	-0.2381	2	2
842	842	-0.3344	-0.1567	2	1
844	844	-0.8361	0.0318	2	20
845	845	-0.36	-0.3163	4	9
847	847	0.0941	0.0012	4	278
848	848	-0.5852	0.4182	2	296
849	849	-0.7482	-0.0562	2	558
850	850	1.0171	-0.352	3	11
851	851	0.9884	-0.3177	3	47
852	852	0.7973	-0.3594	3	93
853	853	-0.7944	-0.1402	2	1
854	854	-0.0275	0.7724	1	6
855	855	-0.6974	-0.1729	2	11
856	856	-0.944	0.0083	2	237
857	857	-0.9204	-0.0043	2	1297
858	858	-0.9021	0.0845	2	7
860	860	-0.8016	0.1223	2	54
861	861	-0.2421	0.9036	1	90
862	862	0.7646	-0.52	3	145
863	863	0.8329	0.2755	5	24
864	864	-0.7445	-0.1908	2	44
865	865	-0.7261	-0.2572	2	662
866	866	0.6408	-0.2559	3	15
867	867	0.3899	-0.1201	4	42
868	868	0.803	-0.2639	3	260
869	869	0.7319	-0.4701	3	4
870	870	0.2675	-0.5393	3	1
871	871	0.5765	0.3645	5	93
872	872	0.2763	-0.5029	3	6
873	873	-0.4921	-0.3041	4	11
874	874	0.2629	-0.2169	3	7
875	875	-0.8015	-0.2029	2	191
876	876	0.727	0.4849	5	7
877	877	0.2186	-0.0395	4	4
878	878	-0.9102	-0.0011	2	402
880	880	0.6548	0.4502	5	373
881	881	0.1788	0.5085	1	7
883	883	0.3548	-0.201	3	1
885	885	0.3619	-0.4565	3	8
886	886	-0.8022	-0.089	2	10
887	887	-0.7872	-0.2156	2	21
899	899	-0.8472	-0.1981	2	147
900	900	-0.8952	0.1415	2	53
689	689	-0.9163	0.0226	2	1
690	690	-0.9747	-0.1172	2	6
691	691	0.6076	-0.5546	3	15
692	692	0.9429	-0.0448	5	17
693	693	1.2555	-0.2649	3	33
694	694	0.7794	0.5559	5	1
702	702	0.9355	-0.4721	3	20
703	703	-0.254	-0.0951	4	2
704	704	-0.7904	0.1414	2	16
705	705	0.6696	0.4238	5	100
706	706	0.2484	-0.0792	4	30
707	707	0.6471	0.4528	5	16
709	709	0.0219	-0.7221	3	67
710	710	0.6134	-0.4924	3	99
711	711	0.4279	-0.6279	3	17
712	712	-0.4367	-0.3601	2	19
715	715	-0.787	-0.1954	2	1
716	716	-0.8878	-0.1377	2	134
717	717	0.7675	-0.2625	3	44
718	718	1.2016	-0.2525	3	29
719	719	-0.8456	-0.1236	2	66
720	720	-0.7655	0.0209	2	11
721	721	-0.5097	0.5657	1	1092
722	722	-0.786	0.0439	2	2
723	723	-0.8356	-0.2149	2	86
724	724	0.8308	0.2482	5	40
725	725	0.6758	-0.5124	3	12
726	726	-0.0519	-0.2563	4	17
727	727	1.212	0.237	5	110
728	728	-1.0097	-0.1652	2	26
729	729	0.7793	-0.5082	3	18
730	730	0.5705	-0.5564	3	15
731	731	-0.5405	-0.3357	2	320
733	733	-0.5587	-0.3147	2	13
734	734	-0.5142	-0.2721	2	2288
735	735	0.6077	0.4849	5	133
736	736	-0.1982	-0.1545	4	13
738	738	-0.1791	0.8538	1	245
740	740	-0.5509	-0.2892	2	6
741	741	0.5241	-0.5319	3	22
742	742	0.6981	-0.2511	3	2
743	743	0.3095	-0.0376	4	3
744	744	-0.606	0.3157	2	4
745	745	0.8508	-0.1854	3	1
747	747	-0.5791	0.3971	2	2
748	748	0.7659	-0.1193	3	20
750	750	0.7757	-0.4183	3	10
751	751	-0.2497	-0.1299	4	9
752	752	-0.0818	-0.3139	4	712
753	753	0.4856	-0.4753	3	48
754	754	-0.5577	0.5212	2	78
755	755	0.298	0.0286	4	33
758	758	-0.8093	-0.0538	2	3
759	759	0.356	-0.6275	3	1
760	760	-0.5226	-0.2505	4	275
761	761	-0.2334	0.9013	1	12
762	762	-0.2315	-0.1363	4	2
763	763	0.7188	-0.4675	3	2
764	764	-0.1975	-0.1521	4	10
765	765	0.3231	-0.0068	4	787
766	766	1.2431	-0.2596	3	1
767	767	0.8089	0.563	5	26
768	768	-0.8544	-0.1898	2	82
769	769	0.6987	-0.2556	3	2
770	770	-0.8675	0.1833	2	1
771	771	0.9966	-0.245	5	22
772	772	-0.6128	-0.3835	2	1725
774	774	0.8736	-0.4808	3	330
775	775	0.9862	-0.3103	3	26
776	776	0.8485	0.5356	5	92
777	777	-0.6384	0.3829	2	10
778	778	-0.8196	0.0163	2	236
779	779	1.0317	-0.0606	5	9
780	780	-0.9443	0.0089	2	36
781	781	-0.8228	-0.1598	2	155
782	782	-0.7784	-0.0772	2	14
784	784	1.0301	-0.0596	5	113
785	785	-0.0537	-0.3326	4	204
787	787	0.6605	-0.5912	3	2
788	788	0.2797	-0.5498	3	74
789	789	-0.383	-0.2536	2	8
790	790	-0.2387	-0.1418	4	98
791	791	-0.456	-0.3735	4	1
792	792	0.6622	-0.2936	3	1
793	793	-0.5585	0.4716	2	7
795	795	0.3451	-0.3831	3	70
595	595	-0.4032	-0.359	4	148
597	597	-0.9396	-0.0758	2	139
598	598	-0.9469	-0.1583	2	69
599	599	0.3007	0.0064	4	864
600	600	-0.5715	-0.2551	4	12
601	601	-0.1905	0.8416	1	74
602	602	-0.6123	0.4551	2	1223
603	603	0.3218	-0.5633	3	1
605	605	-0.7503	-0.157	2	25
606	606	0.7785	-0.3819	3	12
607	607	-0.3008	0.0059	4	86
609	609	0.8195	-0.4772	3	32
610	610	-0.6265	-0.2605	2	120
611	611	-0.775	-0.2092	2	1
613	613	-0.8371	-0.2395	2	11
614	614	-0.361	0.6334	1	14
615	615	0.8507	0.2247	5	2
616	616	-0.0593	-0.3504	4	41
617	617	-0.0408	-0.3239	3	17
619	619	-0.9863	-0.1427	2	18
620	620	-0.0573	-0.3423	4	207
621	621	-0.8912	-0.214	2	1
622	622	-0.5059	0.5772	1	195
623	623	-0.7673	-0.2072	2	322
624	624	1.0273	0.1059	5	42
626	626	0.3155	-0.0008	4	141
627	627	0.0105	-0.1601	4	9
628	628	-0.2431	-0.1511	4	63
629	629	-0.86	-0.2004	2	17
630	630	0.7955	-0.4769	3	104
631	631	-0.7159	-0.1297	2	2
632	632	-0.3571	0.5705	1	2
633	633	0.6005	0.5827	5	1
634	634	-0.5038	-0.3724	2	13
635	635	-0.9001	-0.0655	2	107
636	636	0.7711	-0.5556	3	77
637	637	0.0433	0.7427	5	68
638	638	-0.5766	-0.2928	2	16
639	639	-0.7239	-0.0806	2	629
640	640	0.7905	0.2461	5	146
642	642	-0.9555	-0.1365	2	61
643	643	0.6991	-0.253	3	3
645	645	-0.3061	-0.3002	4	227
646	646	-0.7837	-0.2037	2	116
647	647	0.8156	-0.097	3	154
648	648	0.7947	0.5753	5	77
650	650	-0.7974	-0.1406	2	11
651	651	0.0031	-0.1565	4	1659
652	652	-0.3627	0.6412	1	7
653	653	1.2131	0.2318	5	9
655	655	0.5008	0.5237	5	2
656	656	-0.4064	-0.2124	4	33
657	657	-0.0896	-0.4408	3	99
658	658	0.2694	-0.6502	3	134
659	659	-0.8744	-0.0932	2	2
660	660	0.7959	0.407	5	28
662	662	1.0247	-0.3337	3	203
663	663	-0.9399	-0.1319	2	22
664	664	-0.7937	-0.1722	2	2
666	666	0.6493	-0.4091	3	14
667	667	-0.4167	0.6378	1	1
670	670	0.7848	-0.1954	5	33
671	671	0.8472	0.5354	5	7
672	672	0.6691	0.3051	5	5
674	674	1.2098	0.2363	5	39
675	675	-0.7623	-0.2616	2	3
676	676	0.6797	0.4161	5	43
677	677	-0.6037	-0.2705	2	161
678	678	-0.8202	-0.0952	2	1
679	679	0.7664	0.2449	3	89
681	681	-0.854	-0.1804	2	95
682	682	0.8434	-0.4805	3	226
683	683	-0.0245	0.4537	5	3
684	684	1.2439	-0.2601	3	261
685	685	-0.0189	-0.6727	3	50
686	686	-0.5585	-0.1958	4	5
688	688	0.6939	-0.2424	3	147
695	695	-0.1809	-0.1365	4	225
696	696	0.824	0.2773	5	1
697	697	-0.3376	0.6305	1	278
698	698	-0.452	0.001	2	125
699	699	-0.6737	-0.1522	2	79
701	701	0.7903	-0.3761	3	8
503	503	-0.2154	0.8885	1	10
504	504	-0.6048	0.3125	2	16
505	505	-0.3943	0.5757	1	21
506	506	0.3945	-0.1137	4	17
507	507	0.6983	-0.2537	3	22
508	508	0.4855	-0.4392	3	1
509	509	0.7585	0.585	5	4
510	510	-0.6047	-0.3631	2	47
511	511	0.653	0.445	5	34
512	512	-0.8165	-0.1487	2	23
513	513	-0.5337	0.4631	2	13
514	514	-0.892	-0.2094	2	14
515	515	-0.6564	-0.186	2	307
516	516	-0.9035	-0.0007	2	290
518	518	-0.5732	-0.2555	4	121
519	519	0.7627	-0.5054	3	9
520	520	-0.2543	0.8354	1	2
521	521	0.6358	0.4237	5	7
522	522	-0.7306	-0.2474	2	116
525	525	0.781	-0.3954	3	524
526	526	0.5414	-0.2072	4	13
527	527	0.4161	-0.4405	3	112
528	528	-0.6712	-0.1752	2	9
529	529	0.8223	0.4484	5	43
530	530	-0.0564	-0.2429	4	1255
531	531	-0.7742	0.0613	2	8
532	532	-0.7915	-0.1126	2	228
533	533	0.9914	0.0129	5	3
534	534	-0.9612	-0.1395	2	362
535	535	-0.8809	-0.0384	2	3
537	537	0.5832	0.4842	5	43
539	539	-0.1063	-0.122	4	4
540	540	0.7297	0.4907	5	10
541	541	0.916	0.4903	5	2
543	543	0.7622	0.3798	5	71
544	544	-0.326	-0.182	4	29
545	545	0.3255	0.0149	4	1
546	546	0.2828	-0.6299	3	50
547	547	0.6423	0.4007	5	48
548	548	0.5042	-0.4903	3	24
549	549	-0.5059	-0.2125	2	3
550	550	1.1564	0.2054	5	46
551	551	-0.9649	-0.1374	2	180
552	552	0.5866	0.5177	5	67
553	553	-0.8535	-0.1389	2	19
554	554	0.6471	-0.5438	3	17
555	555	-0.2716	-0.451	3	4
556	556	-0.2087	0.8722	1	587
557	557	-0.5574	0.4898	2	672
558	558	-0.7037	-0.1887	2	100
559	559	-0.8202	-0.2264	2	7
560	560	-0.616	0.3357	2	693
561	561	-0.8526	-0.1936	2	2
562	562	-0.6014	-0.2202	2	250
563	563	-0.8359	-0.0355	2	9
564	564	1.2391	-0.2592	3	35
565	565	0.4022	-0.0192	4	1
567	567	0.2343	-0.6883	3	11
568	568	-0.7463	0.2464	2	137
569	569	0.7871	-0.5092	3	5
570	570	-0.7632	-0.1636	2	31
571	571	-0.7741	-0.2188	2	1
572	572	-0.2592	0.8404	1	1
573	573	1.2424	-0.2591	3	16
574	574	-0.4062	-0.0434	2	101
575	575	-0.4471	-0.4218	3	215
576	576	-0.088	0.0954	1	2
577	577	-0.8564	0.0113	2	19
578	578	-0.3821	0.6672	1	728
579	579	-0.5261	0.5173	1	139
581	581	0.3361	-0.0656	4	7
582	582	0.2378	0.6275	1	47
583	583	0.7872	-0.396	3	2
584	584	0.6728	0.426	5	3
585	585	-0.202	0.7801	1	791
586	586	0.7545	0.5453	5	73
587	587	-0.0279	0.7714	1	81
588	588	0.8558	0.2169	5	119
590	590	-0.7779	0.2711	2	8
592	592	0.8346	-0.0631	5	53
593	593	-0.0729	0.5938	1	967
594	594	-0.5693	0.4919	2	30
398	398	0.2892	-0.0283	4	3
399	399	0.719	0.5884	5	1
400	400	-0.7941	-0.0741	2	352
401	401	0.7929	-0.5543	3	40
402	402	-0.7424	-0.2447	2	1
403	403	0.751	-0.4552	3	22
404	404	-0.7754	-0.1472	2	33
410	410	0.7962	-0.2992	3	13
411	411	0.7851	-0.438	3	3
412	412	0.8885	-0.5032	3	2937
413	413	-0.4573	-0.3393	3	124
414	414	-0.3209	-0.0429	3	32
416	416	-0.7813	-0.0879	2	1
418	418	-0.782	0.2264	2	13
419	419	0.8578	0.2202	5	118
420	420	-0.179	-0.1228	4	11
421	421	0.0088	0.7653	1	6
422	422	0.0675	0.4825	4	95
423	423	-0.9418	-0.1649	2	1
425	425	0.7666	0.5719	5	28
426	426	0.885	-0.514	3	123
427	427	0.5801	0.5393	5	31
428	428	-0.4658	0.2987	2	38
429	429	0.0235	-0.72	3	191
430	430	-0.8893	0.0712	2	103
431	431	-0.8102	-0.2366	2	54
432	432	-0.5409	0.4953	2	5
433	433	-0.7411	-0.0388	2	20
434	434	-0.8036	-0.1221	2	1
435	435	-0.7371	-0.2034	2	148
436	436	0.6551	-0.1268	3	88
437	437	-0.1732	-0.1553	4	3
438	438	0.5402	-0.5383	3	322
439	439	-0.8314	-0.2077	2	49
440	440	0.3564	-0.4857	3	25
441	441	-0.9759	-0.0838	2	7
442	442	-0.2688	-0.1869	4	3
443	443	0.5113	-0.5346	3	4
444	444	0.79	-0.1547	3	7
445	445	-0.8702	-0.0657	2	193
446	446	-0.6654	-0.1431	2	178
447	447	-0.5576	-0.239	4	99
448	448	1.2403	-0.259	3	80
449	449	0.9459	-0.419	3	63
450	450	0.3581	-0.5266	3	152
451	451	0.7133	0.3782	5	362
452	452	1.2127	0.2365	5	89
453	453	0.7842	-0.3967	3	561
454	454	0.7361	-0.1736	3	9
455	455	0.7854	-0.4092	3	8
456	456	-0.9528	-0.0859	2	2
457	457	-0.7287	0.0179	2	50
458	458	0.6732	-0.2794	3	154
459	459	-0.1994	-0.1283	4	27
461	461	-0.7987	-0.1734	2	7
462	462	0.3269	-0.0741	4	140
463	463	0.6038	-0.0812	4	17
464	464	-0.5682	-0.2844	2	5
465	465	0.7811	-0.1033	5	2
466	466	0.2601	-0.6425	3	103
467	467	0.9187	-0.4214	3	129
468	468	-0.8546	-0.0215	2	58
469	469	-0.8353	-0.1071	2	57
470	470	0.9911	0.0136	5	124
471	471	0.6997	0.4111	5	76
472	472	-0.2553	-0.1632	4	66
473	473	0.7155	0.5867	5	7
474	474	1.0264	0.2746	5	91
475	475	0.65	-0.1701	3	255
476	476	-0.1287	0.6261	1	63
477	477	0.1311	0.6262	1	46
479	479	-0.1191	-0.2267	4	696
480	480	-0.1497	-0.3346	4	2
481	481	0.5308	0.62	5	474
482	482	-0.8148	0.0115	2	106
483	483	0.6815	-0.1121	3	41
484	484	-0.8595	0.0793	2	512
485	485	-0.8451	-0.1136	2	36
486	486	0.7866	-0.4061	3	125
487	487	-0.6231	-0.2532	2	26
488	488	0.482	-0.5021	3	33
490	490	0.8368	0.282	5	1
491	491	0.1249	-0.512	3	72
492	492	-0.6221	-0.2528	2	64
493	493	-0.3298	-0.1481	2	243
494	494	0.7001	-0.5731	3	21
495	495	0.7284	0.5947	5	235
496	496	-0.8681	-0.0769	2	625
497	497	-0.8638	-0.1996	2	1
498	498	-0.7893	-0.2081	2	2
499	499	-0.0226	-0.0125	3	2
500	500	0.6298	-0.5568	3	7
501	501	-0.2698	-0.2204	4	596
502	502	0.007	-0.7162	3	24
306	306	-0.9367	0.052	2	2
307	307	0.5075	0.5537	5	6
308	308	-0.8183	-0.0893	2	310
310	310	-0.9661	0.0094	2	10
311	311	-0.8539	-0.2063	2	3
312	312	0.8454	-0.463	5	90
313	313	0.0752	-0.3164	4	128
315	315	0.7658	-0.3715	3	21
316	316	-0.2638	-0.1911	4	328
317	317	-0.5969	0.4552	2	392
318	318	-0.369	0.5996	1	1
319	319	0.1779	0.5059	1	178
321	321	0.0719	0.7324	1	201
323	323	-0.7463	-0.2043	2	880
324	324	-0.6715	-0.1597	4	8
325	325	-0.9443	-0.1806	2	4
328	328	0.7181	0.4903	5	129
329	329	-0.8145	0.0859	2	6
330	330	0.7737	0.575	5	1
331	331	0.8596	0.2183	5	2
332	332	0.4669	0.42	5	125
333	333	-0.7419	-0.1133	2	8
335	335	0.6104	0.4947	5	25
336	336	-0.8655	0.1773	2	12
337	337	0.9604	-0.3448	3	1175
338	338	-0.8172	0.0462	2	243
340	340	0.6581	-0.2788	3	283
341	341	-0.9009	-0.0704	2	316
342	342	-0.6312	-0.0225	2	190
343	343	-0.533	-0.2987	4	4
344	344	-0.8214	-0.1679	2	15
345	345	-0.6842	-0.1914	2	7
346	346	0.7127	-0.5264	3	6
347	347	-0.3398	0.6445	1	52
348	348	0.8313	0.2809	5	4011
349	349	-0.8518	-0.1368	2	40
350	350	0.553	-0.4461	3	523
351	351	0.9473	-0.4192	3	8
352	352	-0.5919	-0.3788	4	2119
353	353	-0.2941	-0.2794	4	10
354	354	-0.7932	-0.2031	2	1
355	355	0.8603	-0.486	3	548
356	356	0.7813	-0.5492	3	29
357	357	0.7608	-0.5297	3	13
358	358	0.7093	0.6098	5	8
359	359	0.1489	-0.6583	3	170
360	360	-0.8191	-0.182	2	1110
361	361	0.7205	-0.5465	3	15
362	362	1.2513	-0.2631	3	32
363	363	-0.1424	0.7863	1	179
364	364	0.7863	-0.0724	3	64
365	365	-0.1094	-0.4477	3	13
366	366	-0.5697	0.4582	2	212
367	367	-0.7928	-0.2273	2	2
368	368	-0.7925	-0.2207	2	50
369	369	0.5129	-0.5347	3	23
371	371	-0.4145	-0.2783	4	48
372	372	0.0639	-0.2107	4	2
373	373	0.2353	-0.6311	3	58
374	374	-0.1477	-0.531	3	514
375	375	-0.9079	0.0072	2	42
376	376	-0.2536	0.8772	1	138
377	377	-0.1813	-0.1583	4	1640
379	379	0.896	-0.4747	3	12
380	380	0.8125	-0.4372	3	50
381	381	1.2542	-0.2651	3	405
382	382	0.7898	-0.3922	3	21
383	383	-0.9544	-0.1399	2	237
385	385	0.8042	-0.3874	3	61
386	386	0.0517	0.754	1	147
387	387	-0.1242	0.8028	1	19
388	388	0.7317	0.5796	5	48
389	389	-0.1722	-0.1535	4	5
391	391	0.0202	-0.7216	3	37
392	392	-0.9392	-0.178	2	6
393	393	0.7885	-0.395	3	181
394	394	0.848	0.5326	5	2
395	395	-0.4887	-0.3778	2	39
396	396	-0.864	0.1703	2	93
397	397	-0.9179	0.0066	2	6
405	405	-0.4985	-0.0822	5	180
406	406	0.7409	0.3518	5	8
407	407	0.2673	-0.4961	3	1
408	408	0.4495	-0.611	3	302
409	409	-0.2144	0.7495	1	5
202	202	0.7781	0.3597	5	60
203	203	0.774	-0.4718	3	45
204	204	0.2993	0.0291	4	149
205	205	-0.5714	0.4679	2	294
206	206	-0.5472	0.4812	2	74
208	208	-0.6618	0.2544	2	3608
209	209	-0.8857	-0.2112	2	32
210	210	-0.0258	0.0539	2	13
211	211	-0.3947	0.5572	2	180
217	217	0.5212	0.5304	5	38
218	218	-0.9519	-0.1537	2	199
219	219	-0.7853	0.1797	2	3
220	220	-0.8194	-0.0898	2	958
221	221	-0.4397	0.6305	1	2
222	222	-0.3577	-0.3257	4	213
223	223	-0.936	-0.1638	2	69
224	224	-0.6035	0.459	2	21
225	225	-0.9121	0.0079	2	157
226	226	-0.8947	-0.0028	2	127
227	227	-0.2016	0.7947	1	613
228	228	0.3266	0.0225	4	10
229	229	-0.067	0.7459	1	165
230	230	0.7461	0.5879	5	530
231	231	-0.017	-0.5146	3	77
232	232	-0.7734	-0.2038	2	320
233	233	0.3452	-0.3491	3	282
234	234	-0.126	0.8143	1	18
235	235	0.6316	-0.5565	3	19
236	236	0.78	-0.5482	3	133
239	239	-0.1273	-0.1718	4	2
240	240	1.1252	0.1747	5	4
241	241	-0.8916	-0.2225	2	58
243	243	-0.3594	-0.3161	4	42
244	244	-0.8296	-0.1827	2	3
245	245	-0.9085	-0.0553	2	1690
246	246	-0.6508	0.3962	2	8
247	247	-0.5461	0.528	1	14
248	248	-0.5235	0.5095	2	2605
249	249	0.0217	0.7403	1	171
250	250	-0.739	-0.0106	2	1
251	251	0.4498	-0.5513	3	45
252	252	-0.5705	0.4577	2	3406
253	253	-0.2121	0.8767	1	420
254	254	-0.8162	-0.1615	2	2
256	256	0.8579	0.2214	5	538
257	257	0.8349	0.2419	5	8
258	258	-0.2885	-0.332	4	2
259	259	-0.9831	-0.0812	2	50
261	261	-0.9414	-0.1579	2	28
262	262	-0.8981	0.1348	2	13
263	263	-0.8078	-0.2444	2	7
264	264	0.7062	-0.0385	4	49
265	265	-0.5414	-0.2726	4	15
266	266	-0.7095	-0.2434	2	79
267	267	0.046	0.7721	1	482
268	268	-0.7215	-0.2332	2	424
269	269	-0.5612	-0.2724	4	4
270	270	-0.531	0.5263	2	118
271	271	0.6036	-0.5591	3	204
272	272	0.3433	-0.4958	3	1
273	273	-0.8347	0.0769	2	10
274	274	0.871	-0.5339	3	1225
275	275	-0.6691	0.2906	2	52
276	276	-0.8963	-0.1911	2	67
277	277	0.6748	-0.4197	3	22
278	278	0.2727	-0.5024	3	92
279	279	-0.712	0.0418	2	265
280	280	0.7793	-0.4245	3	52
281	281	0.7941	0.1631	5	79
282	282	0.857	0.2099	5	296
283	283	1.2534	-0.2666	3	63
284	284	-0.9045	0.0822	2	87
285	285	-0.413	0.4477	2	6
286	286	-0.1035	-0.4081	3	280
287	287	-0.4472	0.4308	2	18
288	288	-0.8612	0.1628	2	58
289	289	-0.9371	-0.0874	2	1
290	290	-0.8467	-0.1435	2	358
291	291	-0.9214	0.0121	2	6
292	292	-0.0664	0.7906	1	3
293	293	-0.7456	-0.2255	2	8
294	294	0.5646	0.6327	5	9
295	295	0.4733	-0.1905	4	1
296	296	0.6613	-0.5555	3	66
297	297	-0.6598	-0.2288	2	10
298	298	0.6329	-0.1348	3	50
299	299	0.9618	-0.3556	3	2112
301	301	1.1835	0.1904	5	596
304	304	-0.8733	-0.1821	2	37
305	305	-0.8782	0.1764	2	427
108	108	0.1423	-0.4112	3	14
110	110	-0.8302	0.0287	2	194
111	111	1.2538	-0.2649	3	5
112	112	0.5923	-0.5576	3	488
113	113	-0.1784	0.855	1	235
114	114	0.7806	-0.5093	3	418
115	115	-0.373	-0.3652	4	150
116	116	-0.0395	0.7429	1	44
117	117	0.3143	0.0128	4	64
118	118	1.2349	-0.2579	3	7
120	120	0.3806	-0.4685	3	139
121	121	-0.2262	-0.1192	4	412
122	122	0.9475	-0.4203	3	89
123	123	-0.3163	0.7234	1	302
124	124	-0.8384	-0.1012	2	162
125	125	-0.7872	0.1482	2	311
126	126	0.935	-0.3421	3	64
127	127	0.6682	-0.2074	3	10
128	128	-0.9289	-0.1363	2	1763
129	129	-0.5345	0.4218	2	2
130	130	-0.3785	-0.3221	4	66
131	131	0.024	-0.7206	3	3
132	132	0.7809	-0.2832	3	98
133	133	0.8121	-0.5184	3	1
134	134	1.0759	0.0895	3	30
135	135	0.8007	-0.1405	3	25
136	136	-0.6191	-0.2169	2	64
137	137	0.6899	-0.4242	3	138
138	138	-0.1328	-0.2834	4	18
139	139	-0.8808	-0.0469	2	23
140	140	0.3619	-0.5513	3	43
141	141	-0.8174	-0.021	2	2
142	142	-0.8081	-0.1889	2	1
143	143	-0.9183	-0.0852	2	84
144	144	-0.5287	0.532	2	64
145	145	0.7015	0.598	5	61
146	146	-0.9085	0.0008	2	267
147	147	-0.9243	-0.1405	2	105
148	148	-0.9089	0.0019	2	19
149	149	-0.8948	-0.1482	2	4
150	150	-0.7975	-0.1819	2	764
152	152	-0.7738	-0.1696	2	294
153	153	-0.2667	0.7926	1	119
154	154	-0.8394	-0.1286	2	16
156	156	0.4911	-0.4494	3	4501
157	157	-0.5574	0.5176	2	2
158	158	-0.902	-0.2036	2	453
159	159	-0.7408	-0.0966	2	1
160	160	-0.6265	0.4477	2	13
161	161	-0.1044	-0.4321	2	3
162	162	0.6881	0.4053	5	102
164	164	1.2486	-0.2524	3	8
165	165	-0.3412	-0.3154	4	10
166	166	-0.7713	-0.1828	2	41
167	167	-0.5262	0.502	2	6
168	168	0.9905	-0.1912	3	3
169	169	1.2426	-0.2583	3	2
170	170	0.6154	-0.5662	3	19
171	171	-0.5527	-0.2825	2	33
172	172	0.7539	0.4718	5	274
173	173	-0.6551	-0.206	2	4
174	174	0.5239	-0.5618	3	36
175	175	0.8834	-0.4152	3	1
176	176	-0.8849	0.0516	2	42
178	178	1.0316	-0.0605	5	707
179	179	-0.8669	-0.0896	2	99
180	180	0.0761	-0.3167	4	2
181	181	-0.9211	-0.1799	2	267
182	182	-0.5004	-0.2689	4	5
183	183	-0.752	-0.0777	2	203
184	184	-0.5163	-0.2826	4	963
185	185	-0.3632	-0.3153	4	13
186	186	0.8348	0.2852	5	3
188	188	0.7717	-0.26	3	16
189	189	0.9562	-0.359	3	4
190	190	-0.6494	-0.0118	2	52
191	191	0.3902	-0.1235	4	237
192	192	-0.6261	0.2958	2	409
193	193	-0.5506	0.4925	2	45
194	194	0.6831	-0.566	3	8
195	195	0.8329	-0.5067	3	2
196	196	-0.8853	-0.1892	2	17
197	197	-0.2606	0.7394	1	13
198	198	-0.7332	0.1462	2	179
199	199	-0.1813	-0.4684	3	25
200	200	0.8752	-0.417	3	2
201	201	-0.935	-0.0071	2	1097
212	212	-0.1861	-0.1362	4	48
213	213	1.2549	-0.2652	3	189
214	214	-0.182	-0.2143	4	25
215	215	-0.3425	0.6324	1	277
0	0	-0.7941	-0.1434	2	561
1	1	0.3896	-0.1234	4	40
2	2	0.0174	-0.7186	3	419
3	3	-0.7155	-0.2076	2	126
4	4	0.6618	-0.4998	3	1
5	5	0.3134	-0.008	4	1320
14	14	0.0436	0.756	1	7037
15	15	1.2375	-0.2718	3	416
17	17	-0.581	0.3992	2	2774
18	18	-0.7595	-0.1782	2	66
19	19	0.3292	-0.4732	3	4429
20	20	0.875	-0.4801	3	4
21	21	1.2421	-0.2581	3	209
22	22	0.705	-0.5574	3	71
23	23	0.8403	-0.4824	3	3
24	24	-0.1697	0.8403	1	96
25	25	-0.7703	-0.1795	2	940
26	26	0.8981	-0.5179	3	4
27	27	0.8414	0.5416	5	12
28	28	-0.6843	-0.1651	2	3363
30	30	0.9223	-0.4044	3	6
31	31	-0.1914	0.7522	1	3
32	32	0.0536	0.7325	1	90
33	33	0.7812	0.5589	5	391
34	34	-0.2208	-0.1287	4	75
35	35	-0.6702	0.2305	2	192
36	36	0.2753	-0.4378	3	2
38	38	0.4308	-0.6236	3	268
39	39	-0.2742	-0.1955	4	4
40	40	0.6214	-0.551	3	106
41	41	0.2306	-0.6859	3	1058
42	42	-0.6409	0.29	2	1
43	43	-0.6074	-0.379	4	1
44	44	1.2526	-0.2627	3	1185
45	45	-0.6529	-0.2548	2	13
46	46	1.2482	-0.21	3	11
47	47	0.3154	0.0202	4	193
48	48	0.6493	0.4479	5	121
49	49	-0.9287	-0.135	2	2
50	50	0.4617	-0.0895	4	5338
51	51	0.6813	-0.5389	3	1
52	52	0.6144	-0.5614	3	28
54	54	-0.8273	-0.022	2	35
55	55	0.0078	0.7656	1	12
56	56	0.217	-0.0553	4	26
57	57	-0.9149	-0.1604	2	230
58	58	-0.2642	-0.1814	4	101
59	59	-0.034	-0.1391	4	2
60	60	-0.6258	-0.2107	2	5
61	61	-0.8196	-0.0734	2	29
62	62	-0.8353	-0.0647	2	552
63	63	-0.487	-0.2136	4	58
64	64	-0.6137	-0.2338	2	24
65	65	0.7794	-0.5486	3	3
66	66	-0.2604	-0.1819	4	3147
67	67	-0.8019	0.0223	2	128
68	68	-0.7301	0.0103	2	37
69	69	-0.1866	-0.2699	4	81
70	70	0.648	0.4504	5	78
71	71	0.5051	-0.5238	3	498
72	72	-0.1735	0.8423	1	313
73	73	0.2576	0.0575	4	27
74	74	-0.3464	0.5432	2	70
75	75	-0.6245	-0.0229	2	935
76	76	-0.0192	-0.1601	4	4
77	77	-0.115	-0.1703	4	43
78	78	-0.7561	0.2026	2	3448
79	79	0.8634	0.2089	5	2
80	80	-0.5564	0.4388	2	288
81	81	0.6022	-0.5521	3	2
82	82	-0.5019	-0.3044	2	43
83	83	0.6427	-0.5631	3	155
84	84	1.0257	-0.3338	3	96
85	85	0.0468	0.7518	1	27
87	87	-0.1647	-0.1417	4	6673
88	88	0.5046	0.5356	5	19
89	89	0.6103	0.6529	5	6
90	90	-0.5813	-0.2485	2	34
91	91	0.4886	-0.3976	3	432
92	92	-0.1358	-0.3876	4	33
93	93	-0.9143	0.0013	2	1
94	94	-0.806	-0.0075	2	1
95	95	0.7204	-0.5468	3	38
96	96	0.4894	-0.5512	3	37
97	97	0.3213	-0.4716	3	536
98	98	-0.8035	-0.239	2	599
99	99	-0.8322	-0.0972	2	9
100	100	-0.1334	0.7659	1	24
101	101	-0.8863	-0.1494	2	835
102	102	-0.3538	-0.312	4	14
103	103	1.2351	-0.2586	3	5
104	104	1.0234	-0.3504	3	84
105	105	0.7054	-0.5382	3	3862
107	107	0.8539	0.2568	3	319
6	6	0.6773	-0.5092	3	2516
7	7	0.3382	-0.6328	3	20
8	8	0.5269	-0.5983	3	474
9	9	0.3238	-0.6418	3	8
10	10	0.6935	-0.5009	3	5
11	11	-0.8493	-0.2022	2	933
12	12	0.6135	-0.5599	3	30
13	13	-0.8374	-0.2054	2	368