id	label	x	y	cluster	weight
1880	1880	-0.6533	-0.2027	2	1
1882	1882	-0.7857	-0.2324	2	287
1883	1883	-0.3649	-0.3165	4	2
1287	1287	0.5829	-0.343	3	4
1288	1288	0.765	-0.1196	3	4
3978	3978	0.8024	0.2935	5	1
1679	1679	0.8385	0.5305	5	4
1682	1682	-0.1679	0.8125	1	1
3896	3896	-0.2633	0.8963	1	2
3767	3767	0.5122	0.6296	5	1
3796	3796	0.6428	0.5444	5	1
3800	3800	-0.196	0.9156	1	2
3815	3815	-0.8448	-0.2839	2	4
3820	3820	0.8299	0.2266	5	1
3837	3837	0.8235	-0.5237	3	1
3686	3686	0.6989	0.4056	5	2
3738	3738	-0.9045	-0.2666	2	1
3596	3596	0.0149	-0.727	3	1
3604	3604	-0.8863	-0.1219	2	1
3499	3499	0.6109	-0.5874	3	2
3502	3502	0.0194	0.7579	1	2
3505	3505	-0.6737	-0.3873	2	1
3515	3515	0.8133	0.2814	3	3
3526	3526	-0.2089	0.8023	1	1
3428	3428	-0.9814	-0.0487	2	5
3456	3456	-0.4437	-0.5623	3	2
3271	3271	0.0048	0.7786	1	1
3282	3282	-0.5683	0.5502	1	2
3304	3304	0.8499	0.5388	5	1
3323	3323	1.1556	0.2109	5	1
3163	3163	-0.7138	-0.2083	2	1
3165	3165	0.3727	0.1408	4	1
3182	3182	-0.7772	0.0927	2	1
3193	3193	0.6966	0.6076	5	1
3200	3200	-0.9898	0.032	2	2
3204	3204	-0.1998	-0.1533	4	6
3220	3220	-0.1472	0.7898	1	3
3224	3224	-0.2337	0.8942	1	1
3069	3069	-0.7261	0.2284	2	1
3078	3078	-0.6375	-0.3519	2	6
3086	3086	-0.1039	0.8004	1	1
3110	3110	-0.8501	-0.2205	2	9
3114	3114	0.5475	-0.5138	3	1
3131	3131	0.8331	-0.4361	3	1
3136	3136	0.4311	-0.4695	3	1
3142	3142	-0.781	-0.0298	2	1
3143	3143	-0.4112	0.6531	1	24
3147	3147	-0.2088	0.8756	1	1
3150	3150	-0.6771	-0.2138	2	6
2995	2995	-0.3137	-0.5685	3	1
2997	2997	-0.8755	-0.2664	2	11
2998	2998	0.0287	0.5305	5	14
3000	3000	-0.9487	0.0992	2	2
3003	3003	-0.7891	-0.18	2	2
3005	3005	0.4322	-0.4575	3	1
3028	3028	-0.3784	0.6689	1	1
3033	3033	-0.8744	-0.202	2	2
3049	3049	-0.0673	-0.1149	4	2
3062	3062	-0.7235	-0.3615	2	4
2867	2867	-0.1274	-0.269	4	2
2868	2868	0.522	0.1366	3	1
2870	2870	-0.6666	-0.3773	2	1
2881	2881	0.8881	0.1158	3	6
2882	2882	0.6351	0.4904	5	2
2888	2888	0.1811	0.3708	2	1
2890	2890	-0.2582	0.8428	1	1
2894	2894	-0.2611	0.849	1	1
2904	2904	0.4209	-0.4482	3	6
2914	2914	-0.5064	-0.1941	4	2
2918	2918	0.0193	-0.7229	3	1
2940	2940	0.3736	0.4561	5	1
2942	2942	0.8369	0.5574	5	2
2963	2963	-0.0058	-0.3948	2	1
2787	2787	-0.5585	0.4992	2	1
2801	2801	-0.6266	-0.0208	2	1
2806	2806	0.5712	0.5068	3	14
2807	2807	0.7214	0.4109	5	1
2821	2821	-0.5904	0.3528	2	5
2827	2827	0.8713	0.0333	5	1
2828	2828	0.594	0.4978	5	1
2829	2829	-0.9001	0.1675	2	5
2846	2846	0.5258	0.4499	5	1
2849	2849	-0.8343	-0.2444	2	2
2850	2850	0.9292	0.49	5	1
2854	2854	-0.9801	-0.0675	2	1
2859	2859	0.1525	-0.6087	3	13
2861	2861	0.7395	0.5932	5	1
2668	2668	0.3273	0.6017	5	1
2670	2670	0.479	-0.3308	4	5
2690	2690	-0.5832	-0.34	2	2
2698	2698	-0.9887	-0.0053	2	2
2703	2703	-0.5656	0.4757	2	1
2733	2733	0.8917	0.3439	5	8
2734	2734	0.6959	-0.5767	3	1
2736	2736	-0.8891	-0.1716	2	6
2741	2741	-0.2121	-0.1654	4	2
2748	2748	0.6648	-0.525	3	1
2753	2753	0.7543	0.6004	5	1
2755	2755	0.6142	0.457	5	6
2757	2757	-0.6616	-0.3434	2	1
2766	2766	-0.7188	-0.3524	2	1
2580	2580	-0.6175	-0.2245	4	1
2585	2585	-0.9477	0.0358	2	2
2586	2586	-0.7697	-0.1032	2	2
2587	2587	-0.1909	-0.1093	4	4
2599	2599	0.9887	-0.19	3	6
2604	2604	-0.6782	0.3271	2	3
2610	2610	0.9962	-0.0162	5	3
2614	2614	-1.0006	-0.0337	2	1
2619	2619	-0.7921	-0.282	2	3
2620	2620	-0.9511	0.0786	2	1
2629	2629	-1.0099	-0.1236	2	7
2630	2630	0.331	-0.4723	3	1
2631	2631	0.7896	-0.422	3	1
2635	2635	-0.5816	0.3989	2	1
2659	2659	0.7091	-0.5528	3	30
2473	2473	0.6692	0.5117	5	1
2477	2477	-0.9291	0.0278	2	1
2484	2484	-0.281	-0.2532	4	1
2489	2489	-0.3436	0.6359	1	1
2498	2498	0.5185	0.5507	5	8
2499	2499	0.8438	0.4998	5	2
2501	2501	1.1993	0.2358	5	1
2502	2502	0.7957	0.3955	5	2
2504	2504	-0.9266	0.0423	2	1
2505	2505	0.5787	0.5415	5	1
2509	2509	-0.6628	0.2704	2	1
2510	2510	-0.7535	-0.2934	2	14
2518	2518	0.619	-0.5554	3	3
2529	2529	-0.2128	0.8871	1	2
2531	2531	-0.9554	0.0705	2	2
2534	2534	-0.8807	0.151	4	3
2536	2536	-0.5891	0.4401	2	4
2537	2537	-0.8658	0.0024	2	1
2538	2538	0.6198	0.6001	5	1
2539	2539	0.7669	-0.4683	3	3
2541	2541	0.7591	-0.3239	3	2
2549	2549	0.2363	0.6727	1	1
2558	2558	0.682	-0.4531	3	4
2568	2568	0.5771	-0.303	5	17
2571	2571	1.2502	-0.2511	3	1
2573	2573	0.8692	-0.192	3	1
1291	1291	0.8642	0.1398	5	1
1292	1292	-0.68	-0.3467	2	3
2379	2379	0.0159	-0.7221	3	1
2394	2394	0.6886	-0.5758	3	1
2411	2411	-0.0295	-0.1718	4	10
2426	2426	-0.964	-0.0587	2	10
2435	2435	0.6977	0.5399	5	5
2436	2436	-0.884	0.1776	2	1
2437	2437	-0.5288	-0.247	4	8
2439	2439	0.5864	0.5407	5	3
2445	2445	0.5661	-0.3375	3	1
2450	2450	0.5556	0.5107	5	1
2460	2460	-0.457	0.4577	2	1
2463	2463	-0.2949	-0.1054	4	2
2465	2465	-0.2726	-0.4893	3	1
2478	2478	-0.7152	-0.2091	2	8
2271	2271	-0.7106	0.1988	2	7
2286	2286	-0.7923	-0.0972	2	1
2295	2295	-0.1508	-0.1527	4	1
2305	2305	-0.5408	-0.3736	4	3
2306	2306	-0.782	-0.0511	2	2
2307	2307	-0.9987	-0.1914	2	25
2308	2308	1.1104	0.2307	5	16
2322	2322	-0.9793	-0.1379	2	1
2331	2331	0.0361	0.7576	5	5
2334	2334	0.8491	-0.0941	3	1
2338	2338	-0.8094	-0.112	2	1
2351	2351	0.8574	0.2102	5	3
2352	2352	0.7667	-0.1209	3	28
2367	2367	0.8171	0.543	5	2
2372	2372	-0.6405	-0.3738	2	3
2376	2376	1.1275	0.1379	5	5
2181	2181	0.0946	0.5206	4	2
2184	2184	-0.2059	-0.1304	4	5
2187	2187	-0.6369	-0.3887	2	1
2192	2192	0.9271	0.4914	5	5
2198	2198	0.7893	-0.3992	3	1
2207	2207	0.9548	-0.3628	3	3
2210	2210	0.9333	-0.4181	3	1
2211	2211	-0.2262	0.9047	1	1
2217	2217	0.7249	-0.1766	3	3
2221	2221	-0.7658	0.0784	2	2
2226	2226	-0.596	-0.1305	2	3
2228	2228	-0.7046	-0.2238	2	2
2233	2233	0.7476	-0.4952	3	14
2237	2237	-0.698	-0.1212	2	2
2242	2242	0.9316	0.4891	5	3
2251	2251	-0.5745	0.5109	2	5
2260	2260	-0.5883	0.3543	2	2
2279	2279	-0.9155	-0.078	2	1
2080	2080	0.8359	-0.0254	3	8
2089	2089	0.5742	0.5104	5	1
2103	2103	0.7326	-0.1765	3	1
2110	2110	0.4709	0.6375	5	3
2112	2112	-0.1463	0.7745	1	2
2115	2115	-0.7318	-0.134	2	3
2121	2121	-0.6838	0.4018	2	3
2126	2126	-0.8421	0.0452	4	7
2136	2136	0.0054	-0.7185	3	1
2145	2145	-0.3665	-0.1995	4	17
2148	2148	-0.4975	-0.3211	2	3
2156	2156	0.0272	-0.7196	3	1
2164	2164	0.2673	0.7386	5	2
2168	2168	-0.9292	-0.1773	2	2
2170	2170	0.9335	-0.4263	3	3
2171	2171	0.0096	-0.7154	3	13
2173	2173	-0.9167	-0.0397	2	1
1984	1984	-0.4203	-0.3523	2	2
1985	1985	-0.0918	-0.4742	3	1
1988	1988	0.3171	-0.6695	3	1
1989	1989	-0.343	-0.3208	4	3
1990	1990	0.7874	0.39	5	15
1992	1992	-0.7336	0.0449	2	5
1998	1998	0.3017	0.0147	4	7
2001	2001	0.803	-0.4223	3	1
2004	2004	-0.2706	-0.1795	4	1
2019	2019	0.0596	0.1891	4	2
2021	2021	-0.4865	-0.3516	4	1
2022	2022	-0.1944	0.7864	1	2
2043	2043	-0.0569	0.651	5	19
2045	2045	-0.2359	0.7477	1	4
2047	2047	-0.8717	-0.1484	2	1
2048	2048	0.7928	-0.5124	3	1
2049	2049	-0.8837	-0.1554	2	1
2052	2052	0.7467	-0.2397	5	9
2057	2057	0.819	-0.1808	3	1
2060	2060	0.5498	-0.4721	3	3
2063	2063	0.8158	0.4484	5	1
2066	2066	0.7603	0.5582	5	3
2073	2073	-0.8744	0.1031	2	1
2083	2083	0.3768	0.3258	3	2
1904	1904	0.972	-0.1301	5	1
1908	1908	0.5404	-0.4555	3	1
1916	1916	0.9148	-0.4407	3	3
1920	1920	-0.9271	0.0881	2	1
1922	1922	0.5304	0.6698	5	33
1925	1925	0.8096	-0.5594	3	3
1927	1927	-0.2562	-0.1821	4	2
1933	1933	-0.6526	0.287	2	1
1935	1935	0.009	-0.7201	3	2
1938	1938	-0.9095	0.0118	2	1
1939	1939	0.873	0.411	5	3
1940	1940	-0.5062	0.5734	1	1
1942	1942	-0.2091	0.8927	1	1
1947	1947	-0.5318	-0.3245	4	2
1950	1950	-0.8273	0.0587	2	1
1952	1952	0.2335	0.5865	5	1
1955	1955	-0.2206	0.8956	1	1
1958	1958	0.4781	-0.5801	3	1
1959	1959	-0.4947	0.5266	1	5
1966	1966	0.4074	-0.48	3	1
1967	1967	-0.5953	-0.2917	2	1
1968	1968	-0.91	-0.0088	2	4
1972	1972	-0.3435	-0.3117	4	1
1888	1888	-0.8763	0.1684	2	2
1891	1891	0.941	-0.4189	3	433
1893	1893	0.1836	-0.7057	3	1
1895	1895	-0.5495	-0.3602	2	1
1899	1899	-0.6127	0.3964	2	12
1783	1783	-0.5695	-0.2549	4	1
1784	1784	0.6653	-0.3948	3	1
1790	1790	-0.6988	0.3274	2	2
1796	1796	-0.8945	0.0234	2	4
1799	1799	0.6608	0.4163	5	2
1800	1800	-0.1169	-0.4294	3	1
1801	1801	0.7603	-0.458	3	4
1802	1802	0.8411	0.5429	5	1
1810	1810	0.704	0.6231	5	1
1817	1817	-0.4415	0.6488	1	3
1820	1820	-0.653	-0.2553	2	1
1822	1822	-0.6175	0.451	2	3
1826	1826	-0.8134	0.1809	2	2
1827	1827	-0.7779	-0.2092	2	59
1831	1831	-0.2027	0.7601	1	6
1835	1835	-0.7666	-0.2353	2	1
1847	1847	0.8059	-0.0059	5	1
1855	1855	0.8236	-0.0097	3	4
1856	1856	-0.8242	-0.2451	2	1
1869	1869	0.2686	-0.6757	3	2
1693	1693	0.8456	0.5378	5	2
1694	1694	0.7426	0.0231	3	3
1698	1698	0.7843	-0.4107	3	1
1699	1699	0.725	-0.2154	3	2
1704	1704	0.4105	-0.4454	3	5
1706	1706	0.7771	0.44	5	1
1707	1707	0.7875	-0.4343	3	1
1709	1709	0.0891	0.3762	5	32
1714	1714	-0.9125	-0.0713	2	1
1719	1719	0.6587	-0.4646	3	1
1722	1722	0.5797	-0.1253	3	1
1728	1728	-0.961	-0.1736	2	3
1730	1730	0.3195	-0.2241	3	7
1732	1732	-0.7285	0.117	2	9
1733	1733	1.0269	0.0989	5	6
1735	1735	-0.3858	-0.3091	4	22
1737	1737	0.8153	0.1982	3	5
1738	1738	0.9075	0.3487	3	31
1740	1740	0.2687	-0.027	4	6
1741	1741	0.7439	-0.1705	3	2
1742	1742	-0.6352	-0.3947	2	1
1749	1749	0.6773	0.418	5	1
1752	1752	-0.4102	0.5898	1	1
1754	1754	-0.8389	-0.1968	2	2
1756	1756	0.2035	-0.5255	3	1
1758	1758	0.4427	-0.5014	3	1
1759	1759	-0.2799	-0.1974	4	1
1760	1760	-0.5979	-0.1145	2	1
1772	1772	1.212	0.2344	5	1
1774	1774	0.532	-0.5902	3	1
1776	1776	0.7426	-0.1692	3	2
1778	1778	-0.7217	-0.2644	2	9
1587	1587	-0.9493	-0.1843	2	5
1588	1588	-0.742	-0.26	2	1
1593	1593	-0.2644	-0.2013	4	3
1594	1594	0.6641	0.435	5	1
1597	1597	-0.8326	-0.1651	2	1
1601	1601	-0.251	0.3759	4	3
1604	1604	-0.7684	-0.1116	2	1
1605	1605	-0.0571	-0.4374	3	3
1612	1612	-0.3679	0.5866	1	6
1613	1613	0.7259	-0.5465	3	1
1614	1614	0.5131	0.3764	3	1
1621	1621	-0.8957	-0.1532	2	3
1626	1626	0.6545	0.4127	5	3
1627	1627	0.6242	0.6489	5	2
1628	1628	0.4923	-0.323	3	6
1630	1630	0.0397	-0.1822	4	4
1648	1648	0.6734	-0.5609	3	2
1654	1654	-0.1024	0.1486	4	70
1656	1656	0.3262	0.2111	4	8
1662	1662	0.9366	-0.4647	3	2
1667	1667	-0.8055	-0.137	2	3
1670	1670	0.1075	0.7596	5	4
1673	1673	0.616	0.1688	5	8
1675	1675	-0.3555	0.683	1	10
1481	1481	0.2982	-0.4434	3	1
1483	1483	0.8283	0.4286	5	1
1484	1484	0.4984	0.6231	5	1
1486	1486	0.6153	-0.5615	3	3
1499	1499	-0.5675	-0.4168	2	25
1500	1500	-0.3752	-0.3133	4	10
1501	1501	-0.8514	-0.1903	2	4
1504	1504	0.5735	-0.5575	3	2
1506	1506	0.4151	-0.4409	3	1
1507	1507	-0.399	0.5519	2	1
1509	1509	0.8616	-0.1331	3	2
1517	1517	0.6785	0.4238	5	1
1521	1521	-0.9024	-0.1454	2	1
1524	1524	0.8215	0.4635	5	1
1525	1525	-0.5316	-0.1477	2	4
1529	1529	0.0228	-0.7188	3	3
1537	1537	-0.6678	-0.2254	2	1
1540	1540	0.2185	-0.4891	3	1
1550	1550	0.9309	0.4873	5	9
1553	1553	0.368	0.6415	5	4
1556	1556	-0.9145	-0.1386	2	2
1561	1561	-0.7912	-0.0547	2	2
1563	1563	1.1939	0.2391	5	2
1564	1564	-0.7942	-0.2299	2	1
1570	1570	0.5124	0.5452	5	1
1572	1572	-0.6197	0.4489	2	3
1574	1574	1.2507	-0.2633	3	1
1576	1576	-0.5425	0.532	2	3
1579	1579	0.7984	-0.4167	3	2
1584	1584	-0.0108	0.7694	1	2
1585	1585	-0.5408	-0.2686	4	2
1390	1390	-0.8928	0.1543	2	1
1394	1394	-0.3157	0.7345	1	2
1396	1396	0.3307	-0.1625	3	1
1397	1397	1.0282	0.1037	5	1
1398	1398	-0.9952	-0.1486	2	5
1401	1401	0.3415	-0.5458	3	3
1403	1403	0.045	0.7557	1	1
1407	1407	-0.3775	0.5625	2	1
1410	1410	-0.8209	-0.0936	2	1
1413	1413	-0.7398	-0.1843	2	2
1415	1415	0.2775	-0.1414	4	1
1416	1416	0.7414	0.597	5	6
1417	1417	0.4712	-0.5429	3	9
1419	1419	-0.5079	-0.3064	2	2
1420	1420	-0.2015	-0.355	3	2
1426	1426	-0.8875	-0.2086	2	13
1428	1428	-0.8992	-0.0195	2	8
1430	1430	-0.9541	0.0505	2	1
1433	1433	-0.2679	-0.4715	3	3
1435	1435	0.6381	0.465	5	1
1437	1437	0.8588	0.2193	5	2
1438	1438	0.3816	0.4654	3	4
1442	1442	0.7144	0.1851	3	3
1443	1443	-0.5347	0.4697	2	1
1447	1447	0.2587	-0.0035	4	18
1450	1450	0.496	-0.5513	3	13
1458	1458	-0.7247	-0.2154	2	1
1460	1460	0.7842	-0.5527	3	4
1461	1461	0.5266	-0.6117	3	1
1462	1462	-0.0744	-0.5033	3	6
1463	1463	0.56	-0.0043	3	1
1465	1465	-0.1941	-0.1386	4	1
1467	1467	0.8282	0.2819	5	16
1468	1468	-0.8147	-0.1249	2	1
1475	1475	0.8647	-0.2761	3	1
1478	1478	-0.9147	-0.0886	2	1
1490	1490	-0.3736	-0.2714	4	1
1491	1491	0.7368	-0.4852	3	3
1493	1493	-0.5052	-0.3514	4	3
1293	1293	-0.8607	-0.2241	2	1
1295	1295	0.7192	0.3406	5	1
1308	1308	-0.7546	0.092	2	5
1309	1309	-0.1437	0.7231	1	1
1310	1310	0.5991	0.6242	5	4
1312	1312	-0.2602	0.8281	1	1
1313	1313	0.9435	-0.4179	3	6
1319	1319	0.4621	-0.5011	3	6
1322	1322	-0.6751	-0.2034	2	9
1324	1324	-0.8829	-0.1747	2	42
1326	1326	0.2336	-0.4792	3	1
1332	1332	0.7734	-0.259	3	95
1340	1340	-0.9067	0.0022	2	52
1344	1344	-0.3388	-0.3187	4	1
1345	1345	-0.103	-0.3955	4	1
1346	1346	-0.7843	0.1731	2	91
1348	1348	1.0011	0.2506	5	1
1352	1352	0.8709	0.1792	5	4
1353	1353	0.5167	0.4115	5	9
1354	1354	0.8065	-0.4719	3	3
1355	1355	-0.8694	0.1667	2	1
1356	1356	0.3218	-0.4723	3	1
1359	1359	0.6738	0.422	5	4
1360	1360	0.022	0.3581	4	1
1361	1361	-0.3257	-0.3098	4	3
1364	1364	0.3172	-0.1237	4	1
1365	1365	0.449	0.0402	4	1
1366	1366	-0.6606	-0.2841	2	46
1367	1367	-0.0404	-0.1201	4	2
1369	1369	-0.7621	0.0036	2	1
1373	1373	0.1787	0.6087	5	1
1375	1375	-0.2279	0.895	1	1
1376	1376	-0.5206	0.5554	2	1
1377	1377	-0.8488	-0.1798	2	1
1380	1380	-0.0795	-0.3664	3	2
1383	1383	-0.8748	-0.1842	2	17
1189	1189	-0.6156	-0.3275	2	1
1190	1190	0.5285	0.5407	5	5
1192	1192	-0.8143	-0.1515	2	1
1193	1193	-0.5093	-0.2407	4	1
1195	1195	-0.7629	0.1566	2	1
1196	1196	0.7775	-0.2301	3	1
1197	1197	-0.9629	0.0054	2	1
1200	1200	0.5292	-0.4778	3	1
1201	1201	-0.638	-0.2085	4	1
1203	1203	-0.9772	-0.0204	2	4
1206	1206	0.4842	-0.2467	3	1
1211	1211	-0.9113	-0.1456	2	1
1218	1218	0.7975	-0.3585	3	3
1219	1219	-0.6622	0.2249	2	1
1228	1228	0.9652	-0.3664	3	2
1230	1230	-0.8597	-0.0356	2	1
1231	1231	0.433	-0.5176	3	1
1236	1236	-0.3465	-0.2365	4	1
1237	1237	0.544	-0.2085	4	3
1240	1240	0.4788	0.0846	3	3
1242	1242	-0.0244	0.7415	1	1
1243	1243	-0.7237	-0.2863	2	21
1250	1250	0.7673	-0.1129	3	2
1251	1251	-0.8127	-0.174	2	1
1253	1253	-0.8646	-0.0178	2	2
1254	1254	-0.4963	0.5467	1	1
1255	1255	-0.9214	-0.0462	2	1
1257	1257	-0.6364	0.1368	2	1
1259	1259	0.6678	0.2359	4	3
1260	1260	-1.0035	-0.1582	2	1
1263	1263	0.8459	0.2364	5	1
1270	1270	0.7517	0.5707	5	3
1271	1271	0.7785	-0.4168	3	1
1272	1272	0.1437	0.4856	1	65
1083	1083	0.6398	0.4477	5	1
1086	1086	0.0097	-0.7179	3	6
1089	1089	1.1994	0.2346	5	1
1096	1096	-0.5055	0.5551	2	1
1098	1098	0.6232	0.3971	4	3
1099	1099	0.5906	-0.5965	3	8
1101	1101	-0.1151	0.7505	1	1
1102	1102	0.5842	0.6269	5	3
1108	1108	0.2367	-0.5421	3	5
1112	1112	-0.8152	-0.226	2	1
1115	1115	-0.9894	-0.0036	2	1
1116	1116	-0.7343	-0.1065	2	1
1117	1117	-0.9237	-0.0745	2	1
1119	1119	0.9203	-0.3629	3	5
1120	1120	1.0309	-0.0603	5	199
1122	1122	-0.6704	-0.3347	2	2
1123	1123	0.8091	-0.1003	3	1
1125	1125	0.7118	0.5784	5	7
1129	1129	0.9321	0.476	5	6
1131	1131	-0.9317	-0.0636	2	1
1134	1134	-0.8219	-0.1451	2	3
1136	1136	0.6017	-0.5594	3	1
1139	1139	0.7024	0.5924	5	9
1143	1143	0.271	-0.6646	3	1
1145	1145	0.5989	0.5657	5	3
1147	1147	0.8291	0.2833	5	1
1151	1151	-0.5176	-0.3166	2	1
1152	1152	0.0194	-0.3326	4	1
1153	1153	0.4267	-0.4236	3	7
1154	1154	0.4684	0.4188	5	1
1155	1155	-0.8306	-0.1945	2	1
1159	1159	-0.8362	-0.2009	2	1
1168	1168	-0.7058	0.0403	2	1
1169	1169	0.3061	-0.0894	4	8
1171	1171	-0.1307	0.3998	5	4
1172	1172	0.8754	-0.2726	3	11
1173	1173	-0.9054	-0.2271	2	1
1175	1175	0.4135	0.4319	5	4
1178	1178	-0.1943	-0.1957	4	8
1181	1181	-0.6902	-0.2356	2	3
996	996	-0.1502	0.8187	1	5
999	999	0.8011	-0.0731	3	4
1001	1001	0.0409	-0.5536	3	3
1008	1008	-0.6504	0.2417	2	2
1009	1009	1.1243	0.1337	5	10
1011	1011	-0.8096	0.2094	2	4
1015	1015	-0.5515	0.5261	2	12
1016	1016	0.544	0.5529	5	1
1023	1023	0.1172	0.0319	2	1
1028	1028	0.7355	0.5974	5	3
1029	1029	0.5778	0.5596	5	3
1032	1032	0.2983	0.3239	5	3
1033	1033	0.9569	0.0914	5	1
1035	1035	1.1866	0.2191	5	20
1040	1040	0.5073	-0.4989	3	2
1041	1041	-0.9351	-0.1122	2	1
1048	1048	-0.8	0.0336	2	1
1058	1058	-0.7379	-0.0181	2	9
1060	1060	0.5022	-0.4952	3	2
1068	1068	-0.8835	-0.0869	2	4
1073	1073	-0.5422	0.4795	2	6
1075	1075	0.0468	0.5952	2	6
1076	1076	-0.1707	0.845	1	2
1091	1091	1.2113	0.2325	5	1
1094	1094	0.6428	-0.332	3	1
1095	1095	0.7021	-0.193	3	3
898	898	-0.2302	0.8813	1	1
906	906	0.6613	0.4119	5	15
907	907	0.2934	-0.6468	3	3
910	910	0.4973	-0.5607	3	2
911	911	-0.098	0.7602	1	2
912	912	0.9906	0.0148	5	3
913	913	0.8167	0.4603	5	1
915	915	-0.1108	-0.1132	4	7
917	917	-0.3702	0.6864	1	2
922	922	-0.7647	0.0339	2	1
925	925	-0.8705	-0.2115	2	2
930	930	-0.8622	-0.1927	2	4
939	939	0.3918	-0.4515	3	1
940	940	0.4022	-0.4354	3	5
942	942	-0.665	-0.0067	2	3
944	944	-0.7265	0.028	2	3
951	951	-0.6485	0.2369	2	27
955	955	-0.36	-0.3247	4	1
956	956	-0.8583	-0.1173	2	3
957	957	0.7614	-0.3226	3	47
958	958	-0.0078	0.7722	1	3
961	961	-0.6219	0.4531	2	1
965	965	-0.6862	-0.0828	2	1
966	966	-0.1953	-0.1248	4	1
968	968	1.2444	-0.2592	3	11
970	970	0.762	0.5478	5	2
975	975	-0.8271	0.0894	2	1
976	976	0.2485	-0.2344	4	1
978	978	-0.2229	-0.1402	4	4
979	979	-0.8299	0.0066	2	4
981	981	0.6364	0.3591	5	1
983	983	0.7632	0.5457	5	3
991	991	-0.329	0.6902	1	3
796	796	-0.3196	-0.3064	4	6
799	799	0.9101	-0.5096	3	5
800	800	-0.9721	-0.1067	2	31
801	801	0.1748	0.5883	1	1
802	802	-0.4732	-0.1836	2	1
804	804	-0.0595	-0.4019	4	46
805	805	-0.7991	-0.1491	2	3
812	812	0.5353	-0.1837	3	23
814	814	-0.5196	0.5567	2	1
818	818	-0.3518	-0.309	4	1
821	821	0.6773	-0.2575	3	5
825	825	-0.0195	0.7725	1	9
826	826	-0.6166	0.4415	2	3
828	828	-0.6208	0.1811	2	1
830	830	0.2934	-0.65	3	2
831	831	0.6761	0.6251	5	14
832	832	-0.9005	0.005	2	2
834	834	0.9058	-0.4226	3	1
840	840	-0.1252	0.8056	1	1
844	844	-0.8361	0.0318	2	10
848	848	-0.5852	0.4182	2	1
849	849	-0.7482	-0.0562	2	53
850	850	1.0171	-0.352	3	1
851	851	0.9884	-0.3177	3	7
855	855	-0.6974	-0.1729	2	3
857	857	-0.9204	-0.0043	2	2
865	865	-0.7261	-0.2572	2	7
866	866	0.6408	-0.2559	3	2
875	875	-0.8015	-0.2029	2	2
880	880	0.6548	0.4502	5	1
882	882	0.7864	0.5746	5	5
883	883	0.3548	-0.201	3	3
899	899	-0.8472	-0.1981	2	1
690	690	-0.9747	-0.1172	2	1
691	691	0.6076	-0.5546	3	2
693	693	1.2555	-0.2649	3	4
704	704	-0.7904	0.1414	2	2
706	706	0.2484	-0.0792	4	2
709	709	0.0219	-0.7221	3	3
710	710	0.6134	-0.4924	3	1
712	712	-0.4367	-0.3601	2	2
713	713	1.0839	0.2001	5	1
718	718	1.2016	-0.2525	3	12
719	719	-0.8456	-0.1236	2	4
721	721	-0.5097	0.5657	1	13
723	723	-0.8356	-0.2149	2	2
727	727	1.212	0.237	5	21
733	733	-0.5587	-0.3147	2	6
734	734	-0.5142	-0.2721	2	1
736	736	-0.1982	-0.1545	4	5
738	738	-0.1791	0.8538	1	1
746	746	-0.2074	0.8008	1	1
750	750	0.7757	-0.4183	3	3
752	752	-0.0818	-0.3139	4	6
753	753	0.4856	-0.4753	3	45
754	754	-0.5577	0.5212	2	2
762	762	-0.2315	-0.1363	4	3
763	763	0.7188	-0.4675	3	4
765	765	0.3231	-0.0068	4	23
766	766	1.2431	-0.2596	3	1
768	768	-0.8544	-0.1898	2	1
769	769	0.6987	-0.2556	3	2
772	772	-0.6128	-0.3835	2	4
774	774	0.8736	-0.4808	3	113
775	775	0.9862	-0.3103	3	2
779	779	1.0317	-0.0606	5	3
781	781	-0.8228	-0.1598	2	1
783	783	-0.5485	-0.1658	4	5
784	784	1.0301	-0.0596	5	2
785	785	-0.0537	-0.3326	4	1
787	787	0.6605	-0.5912	3	1
789	789	-0.383	-0.2536	2	1
790	790	-0.2387	-0.1418	4	2
795	795	0.3451	-0.3831	3	1
595	595	-0.4032	-0.359	4	1
601	601	-0.1905	0.8416	1	8
602	602	-0.6123	0.4551	2	1
605	605	-0.7503	-0.157	2	1
613	613	-0.8371	-0.2395	2	6
620	620	-0.0573	-0.3423	4	2
621	621	-0.8912	-0.214	2	2
622	622	-0.5059	0.5772	1	1
623	623	-0.7673	-0.2072	2	3
624	624	1.0273	0.1059	5	2
628	628	-0.2431	-0.1511	4	1
629	629	-0.86	-0.2004	2	1
630	630	0.7955	-0.4769	3	5
632	632	-0.3571	0.5705	1	4
633	633	0.6005	0.5827	5	3
634	634	-0.5038	-0.3724	2	1
635	635	-0.9001	-0.0655	2	16
637	637	0.0433	0.7427	5	1
639	639	-0.7239	-0.0806	2	17
640	640	0.7905	0.2461	5	1
643	643	0.6991	-0.253	3	1
645	645	-0.3061	-0.3002	4	3
646	646	-0.7837	-0.2037	2	5
647	647	0.8156	-0.097	3	16
648	648	0.7947	0.5753	5	3
649	649	0.3475	-0.5293	3	2
653	653	1.2131	0.2318	5	1
654	654	0.5018	-0.4938	3	13
658	658	0.2694	-0.6502	3	1
661	661	0.6766	-0.5494	3	5
662	662	1.0247	-0.3337	3	1
663	663	-0.9399	-0.1319	2	1
664	664	-0.7937	-0.1722	2	1
666	666	0.6493	-0.4091	3	1
668	668	-0.4908	-0.0595	2	2
676	676	0.6797	0.4161	5	1
682	682	0.8434	-0.4805	3	1
683	683	-0.0245	0.4537	5	2
684	684	1.2439	-0.2601	3	2
685	685	-0.0189	-0.6727	3	1
696	696	0.824	0.2773	5	9
698	698	-0.452	0.001	2	3
506	506	0.3945	-0.1137	4	1
509	509	0.7585	0.585	5	1
510	510	-0.6047	-0.3631	2	4
514	514	-0.892	-0.2094	2	1
515	515	-0.6564	-0.186	2	2
516	516	-0.9035	-0.0007	2	1
521	521	0.6358	0.4237	5	30
522	522	-0.7306	-0.2474	2	2
523	523	-0.1081	-0.3522	4	1
526	526	0.5414	-0.2072	4	4
527	527	0.4161	-0.4405	3	2
529	529	0.8223	0.4484	5	4
530	530	-0.0564	-0.2429	4	6
534	534	-0.9612	-0.1395	2	1
535	535	-0.8809	-0.0384	2	1
538	538	-0.9337	-0.172	2	11
540	540	0.7297	0.4907	5	1
544	544	-0.326	-0.182	4	11
546	546	0.2828	-0.6299	3	3
548	548	0.5042	-0.4903	3	2
551	551	-0.9649	-0.1374	2	6
552	552	0.5866	0.5177	5	27
555	555	-0.2716	-0.451	3	23
556	556	-0.2087	0.8722	1	1
557	557	-0.5574	0.4898	2	2
560	560	-0.616	0.3357	2	3
574	574	-0.4062	-0.0434	2	5
578	578	-0.3821	0.6672	1	151
580	580	0.8522	0.532	5	1
583	583	0.7872	-0.396	3	1
584	584	0.6728	0.426	5	1
586	586	0.7545	0.5453	5	1
588	588	0.8558	0.2169	5	2
592	592	0.8346	-0.0631	5	4
593	593	-0.0729	0.5938	1	5
594	594	-0.5693	0.4919	2	5
401	401	0.7929	-0.5543	3	1
404	404	-0.7754	-0.1472	2	2
412	412	0.8885	-0.5032	3	9
414	414	-0.3209	-0.0429	3	6
416	416	-0.7813	-0.0879	2	2
417	417	0.3039	-0.4701	3	2
418	418	-0.782	0.2264	2	1
420	420	-0.179	-0.1228	4	6
422	422	0.0675	0.4825	4	6
425	425	0.7666	0.5719	5	2
426	426	0.885	-0.514	3	1
428	428	-0.4658	0.2987	2	6
430	430	-0.8893	0.0712	2	3
431	431	-0.8102	-0.2366	2	1
434	434	-0.8036	-0.1221	2	1
435	435	-0.7371	-0.2034	2	4
436	436	0.6551	-0.1268	3	5
437	437	-0.1732	-0.1553	4	1
438	438	0.5402	-0.5383	3	8
439	439	-0.8314	-0.2077	2	1
445	445	-0.8702	-0.0657	2	50
446	446	-0.6654	-0.1431	2	2
448	448	1.2403	-0.259	3	1
450	450	0.3581	-0.5266	3	46
451	451	0.7133	0.3782	5	198
453	453	0.7842	-0.3967	3	7
457	457	-0.7287	0.0179	2	1
459	459	-0.1994	-0.1283	4	1
462	462	0.3269	-0.0741	4	4
464	464	-0.5682	-0.2844	2	1
465	465	0.7811	-0.1033	5	5
467	467	0.9187	-0.4214	3	5
469	469	-0.8353	-0.1071	2	10
470	470	0.9911	0.0136	5	1
471	471	0.6997	0.4111	5	1
475	475	0.65	-0.1701	3	3
476	476	-0.1287	0.6261	1	2
477	477	0.1311	0.6262	1	4
479	479	-0.1191	-0.2267	4	1
480	480	-0.1497	-0.3346	4	1
481	481	0.5308	0.62	5	1
482	482	-0.8148	0.0115	2	1
484	484	-0.8595	0.0793	2	14
487	487	-0.6231	-0.2532	2	1
491	491	0.1249	-0.512	3	30
492	492	-0.6221	-0.2528	2	2
496	496	-0.8681	-0.0769	2	1
501	501	-0.2698	-0.2204	4	3
502	502	0.007	-0.7162	3	1
306	306	-0.9367	0.052	2	4
310	310	-0.9661	0.0094	2	7
312	312	0.8454	-0.463	5	1
313	313	0.0752	-0.3164	4	2
316	316	-0.2638	-0.1911	4	3
317	317	-0.5969	0.4552	2	16
319	319	0.1779	0.5059	1	2
322	322	-0.7433	-0.162	2	1
324	324	-0.6715	-0.1597	4	4
325	325	-0.9443	-0.1806	2	1
328	328	0.7181	0.4903	5	1
330	330	0.7737	0.575	5	1
332	332	0.4669	0.42	5	6
335	335	0.6104	0.4947	5	2
336	336	-0.8655	0.1773	2	19
337	337	0.9604	-0.3448	3	4
338	338	-0.8172	0.0462	2	4
341	341	-0.9009	-0.0704	2	6
344	344	-0.8214	-0.1679	2	3
347	347	-0.3398	0.6445	1	1
348	348	0.8313	0.2809	5	14
349	349	-0.8518	-0.1368	2	6
351	351	0.9473	-0.4192	3	1
352	352	-0.5919	-0.3788	4	37
353	353	-0.2941	-0.2794	4	3
357	357	0.7608	-0.5297	3	1
362	362	1.2513	-0.2631	3	2
363	363	-0.1424	0.7863	1	4
364	364	0.7863	-0.0724	3	1
366	366	-0.5697	0.4582	2	1
369	369	0.5129	-0.5347	3	1
372	372	0.0639	-0.2107	4	1
375	375	-0.9079	0.0072	2	1
376	376	-0.2536	0.8772	1	115
377	377	-0.1813	-0.1583	4	4
378	378	0.7423	0.304	5	2
379	379	0.896	-0.4747	3	1
380	380	0.8125	-0.4372	3	31
381	381	1.2542	-0.2651	3	4
382	382	0.7898	-0.3922	3	2
383	383	-0.9544	-0.1399	2	7
385	385	0.8042	-0.3874	3	5
388	388	0.7317	0.5796	5	61
393	393	0.7885	-0.395	3	31
396	396	-0.864	0.1703	2	3
397	397	-0.9179	0.0066	2	166
408	408	0.4495	-0.611	3	2
202	202	0.7781	0.3597	5	5
205	205	-0.5714	0.4679	2	10
208	208	-0.6618	0.2544	2	16
209	209	-0.8857	-0.2112	2	1
210	210	-0.0258	0.0539	2	2
211	211	-0.3947	0.5572	2	2
218	218	-0.9519	-0.1537	2	3
220	220	-0.8194	-0.0898	2	8
222	222	-0.3577	-0.3257	4	12
223	223	-0.936	-0.1638	2	8
224	224	-0.6035	0.459	2	1
226	226	-0.8947	-0.0028	2	3
227	227	-0.2016	0.7947	1	1
228	228	0.3266	0.0225	4	1
229	229	-0.067	0.7459	1	2
232	232	-0.7734	-0.2038	2	3
233	233	0.3452	-0.3491	3	9
234	234	-0.126	0.8143	1	2
236	236	0.78	-0.5482	3	5
241	241	-0.8916	-0.2225	2	54
243	243	-0.3594	-0.3161	4	3
245	245	-0.9085	-0.0553	2	21
252	252	-0.5705	0.4577	2	7
253	253	-0.2121	0.8767	1	2
256	256	0.8579	0.2214	5	2
259	259	-0.9831	-0.0812	2	5
261	261	-0.9414	-0.1579	2	3
264	264	0.7062	-0.0385	4	3
265	265	-0.5414	-0.2726	4	2
267	267	0.046	0.7721	1	2
271	271	0.6036	-0.5591	3	4
272	272	0.3433	-0.4958	3	1
273	273	-0.8347	0.0769	2	1
275	275	-0.6691	0.2906	2	1
276	276	-0.8963	-0.1911	2	2
278	278	0.2727	-0.5024	3	3
279	279	-0.712	0.0418	2	1
280	280	0.7793	-0.4245	3	1
281	281	0.7941	0.1631	5	1
284	284	-0.9045	0.0822	2	3
286	286	-0.1035	-0.4081	3	6
290	290	-0.8467	-0.1435	2	3
291	291	-0.9214	0.0121	2	2
292	292	-0.0664	0.7906	1	1
293	293	-0.7456	-0.2255	2	5
294	294	0.5646	0.6327	5	21
298	298	0.6329	-0.1348	3	1
299	299	0.9618	-0.3556	3	2
300	300	-0.8023	-0.1045	2	1
301	301	1.1835	0.1904	5	7
304	304	-0.8733	-0.1821	2	1
305	305	-0.8782	0.1764	2	6
110	110	-0.8302	0.0287	2	2
112	112	0.5923	-0.5576	3	1
114	114	0.7806	-0.5093	3	8
115	115	-0.373	-0.3652	4	8
116	116	-0.0395	0.7429	1	2
117	117	0.3143	0.0128	4	2
118	118	1.2349	-0.2579	3	1
120	120	0.3806	-0.4685	3	1
121	121	-0.2262	-0.1192	4	1
122	122	0.9475	-0.4203	3	3
123	123	-0.3163	0.7234	1	21
124	124	-0.8384	-0.1012	2	5
125	125	-0.7872	0.1482	2	2
128	128	-0.9289	-0.1363	2	2
130	130	-0.3785	-0.3221	4	1
131	131	0.024	-0.7206	3	1
136	136	-0.6191	-0.2169	2	53
137	137	0.6899	-0.4242	3	1
138	138	-0.1328	-0.2834	4	2
140	140	0.3619	-0.5513	3	3
141	141	-0.8174	-0.021	2	2
143	143	-0.9183	-0.0852	2	2
144	144	-0.5287	0.532	2	1
148	148	-0.9089	0.0019	2	2
149	149	-0.8948	-0.1482	2	1
150	150	-0.7975	-0.1819	2	19
152	152	-0.7738	-0.1696	2	10
153	153	-0.2667	0.7926	1	6
158	158	-0.902	-0.2036	2	5
160	160	-0.6265	0.4477	2	2
162	162	0.6881	0.4053	5	1
164	164	1.2486	-0.2524	3	1
165	165	-0.3412	-0.3154	4	1
166	166	-0.7713	-0.1828	2	4
170	170	0.6154	-0.5662	3	1
171	171	-0.5527	-0.2825	2	1
173	173	-0.6551	-0.206	2	2
174	174	0.5239	-0.5618	3	2
177	177	0.2636	-0.5394	3	21
178	178	1.0316	-0.0605	5	9
179	179	-0.8669	-0.0896	2	1
181	181	-0.9211	-0.1799	2	1
183	183	-0.752	-0.0777	2	3
184	184	-0.5163	-0.2826	4	1
186	186	0.8348	0.2852	5	25
190	190	-0.6494	-0.0118	2	1
191	191	0.3902	-0.1235	4	41
192	192	-0.6261	0.2958	2	5
194	194	0.6831	-0.566	3	1
196	196	-0.8853	-0.1892	2	11
197	197	-0.2606	0.7394	1	5
198	198	-0.7332	0.1462	2	2
200	200	0.8752	-0.417	3	1
212	212	-0.1861	-0.1362	4	1
213	213	1.2549	-0.2652	3	14
214	214	-0.182	-0.2143	4	10
215	215	-0.3425	0.6324	1	4
0	0	-0.7941	-0.1434	2	23
2	2	0.0174	-0.7186	3	4
3	3	-0.7155	-0.2076	2	3
5	5	0.3134	-0.008	4	14
14	14	0.0436	0.756	1	31
15	15	1.2375	-0.2718	3	6
17	17	-0.581	0.3992	2	10
19	19	0.3292	-0.4732	3	2
22	22	0.705	-0.5574	3	3
23	23	0.8403	-0.4824	3	1
24	24	-0.1697	0.8403	1	1
25	25	-0.7703	-0.1795	2	6
26	26	0.8981	-0.5179	3	5
27	27	0.8414	0.5416	5	1
28	28	-0.6843	-0.1651	2	25
30	30	0.9223	-0.4044	3	1
32	32	0.0536	0.7325	1	3
35	35	-0.6702	0.2305	2	5
36	36	0.2753	-0.4378	3	9
38	38	0.4308	-0.6236	3	9
44	44	1.2526	-0.2627	3	77
45	45	-0.6529	-0.2548	2	4
46	46	1.2482	-0.21	3	1
47	47	0.3154	0.0202	4	8
48	48	0.6493	0.4479	5	2
50	50	0.4617	-0.0895	4	3
51	51	0.6813	-0.5389	3	1
54	54	-0.8273	-0.022	2	6
56	56	0.217	-0.0553	4	2
57	57	-0.9149	-0.1604	2	18
58	58	-0.2642	-0.1814	4	6
60	60	-0.6258	-0.2107	2	2
62	62	-0.8353	-0.0647	2	2
63	63	-0.487	-0.2136	4	1
66	66	-0.2604	-0.1819	4	6
67	67	-0.8019	0.0223	2	1
69	69	-0.1866	-0.2699	4	33
70	70	0.648	0.4504	5	1
71	71	0.5051	-0.5238	3	4
75	75	-0.6245	-0.0229	2	2
78	78	-0.7561	0.2026	2	4
80	80	-0.5564	0.4388	2	364
83	83	0.6427	-0.5631	3	1
85	85	0.0468	0.7518	1	1
87	87	-0.1647	-0.1417	4	3
90	90	-0.5813	-0.2485	2	11
92	92	-0.1358	-0.3876	4	16
93	93	-0.9143	0.0013	2	26
94	94	-0.806	-0.0075	2	431
95	95	0.7204	-0.5468	3	2
97	97	0.3213	-0.4716	3	34
98	98	-0.8035	-0.239	2	10
100	100	-0.1334	0.7659	1	1
101	101	-0.8863	-0.1494	2	92
103	103	1.2351	-0.2586	3	1
105	105	0.7054	-0.5382	3	4
106	106	0.3231	-0.5068	3	1
107	107	0.8539	0.2568	3	25
6	6	0.6773	-0.5092	3	6
7	7	0.3382	-0.6328	3	26
8	8	0.5269	-0.5983	3	8
11	11	-0.8493	-0.2022	2	47
12	12	0.6135	-0.5599	3	3
13	13	-0.8374	-0.2054	2	1