id	label	x	y	cluster	weight
1880	1880	-0.6533	-0.2027	2	1
1881	1881	0.5691	0.5155	5	6
1288	1288	0.765	-0.1196	3	1
3978	3978	0.8024	0.2935	5	1
1681	1681	-0.4131	0.689	1	1
3929	3929	-0.4763	-0.2814	4	1
3703	3703	-0.2478	0.8701	1	1
3559	3559	-0.6824	0.0088	2	1
3509	3509	0.9172	-0.0129	5	1
3353	3353	-0.318	-0.3185	4	1
3369	3369	0.185	0.6363	1	2
3400	3400	-0.1879	0.8518	1	1
3409	3409	-0.4701	-0.3954	4	1
3328	3328	-0.1594	-0.1513	4	2
3174	3174	-0.6249	-0.1896	2	1
3175	3175	-0.6206	-0.2315	2	1
3193	3193	0.6966	0.6076	5	1
3072	3072	-0.8541	0.1999	2	1
3074	3074	0.9107	-0.5121	3	1
3140	3140	-0.74	-0.2913	2	14
3149	3149	1.1876	0.2124	5	1
2977	2977	-0.9557	0.0762	2	1
3018	3018	0.8254	0.4666	5	3
3049	3049	-0.0673	-0.1149	4	2
3059	3059	-0.8711	-0.0087	2	15
2866	2866	-0.9588	-0.1826	2	2
2882	2882	0.6351	0.4904	5	1
2967	2967	-0.7855	0.2459	2	3
2800	2800	0.1708	0.52	5	1
2810	2810	0.9011	0.5179	5	1
2815	2815	-0.1843	0.8607	1	1
2834	2834	-0.3721	-0.4412	2	1
2837	2837	0.7939	-0.3739	3	11
2855	2855	-0.0396	0.7626	1	1
2859	2859	0.1525	-0.6087	3	1
2671	2671	-0.261	0.8754	1	1
2749	2749	-0.9642	-0.0022	2	1
2770	2770	1.0341	-0.0689	5	2
2575	2575	-0.8678	-0.2171	2	1
2578	2578	-0.7098	-0.3307	2	1
2586	2586	-0.7697	-0.1032	2	1
2592	2592	-0.3153	0.7456	1	1
2610	2610	0.9962	-0.0162	5	2
2628	2628	-0.8426	0.1541	2	1
2650	2650	0.8771	-0.4367	3	2
2477	2477	-0.9291	0.0278	2	4
2486	2486	0.6375	0.5008	5	1
2499	2499	0.8438	0.4998	5	1
2501	2501	1.1993	0.2358	5	3
2507	2507	-1.0154	-0.1537	2	1
2518	2518	0.619	-0.5554	3	1
2570	2570	-0.6161	-0.2489	2	1
1290	1290	-0.5528	0.5006	2	2
2378	2378	0.8969	-0.0208	5	2
2382	2382	-0.3522	-0.2792	4	1
2394	2394	0.6886	-0.5758	3	1
2400	2400	-0.2453	-0.169	4	1
2417	2417	0.3518	0.666	5	3
2439	2439	0.5864	0.5407	5	1
2446	2446	-0.5652	-0.2594	4	1
2308	2308	1.1104	0.2307	5	2
2322	2322	-0.9793	-0.1379	2	10
2330	2330	-1.003	0.0185	2	1
2342	2342	0.2923	-0.6185	3	1
2354	2354	0.8265	-0.5075	3	4
2372	2372	-0.6405	-0.3738	2	3
2187	2187	-0.6369	-0.3887	2	1
2217	2217	0.7249	-0.1766	3	2
2227	2227	0.8549	0.1964	5	2
2242	2242	0.9316	0.4891	5	2
2268	2268	-0.619	0.4381	2	1
2275	2275	0.5297	0.631	5	4
2075	2075	-0.072	0.7752	1	1
2090	2090	0.2139	-0.063	4	1
2099	2099	0.1044	-0.4016	3	1
2116	2116	0.3917	-0.5498	3	2
2127	2127	-0.1805	0.7936	1	1
2153	2153	-0.6885	-0.2031	2	2
2172	2172	0.5783	-0.132	3	1
2173	2173	-0.9167	-0.0397	2	7
2174	2174	1.2145	0.2318	5	1
1983	1983	0.7658	-0.517	3	10
1999	1999	-0.0789	-0.1613	4	1
2004	2004	-0.2706	-0.1795	4	3
2036	2036	0.8132	-0.4817	3	2
2050	2050	-0.4105	-0.5262	3	1
2086	2086	-0.7484	-0.1072	2	6
1917	1917	0.0348	-0.344	3	1
1932	1932	0.2158	-0.5402	3	1
1937	1937	-0.1117	0.7785	1	1
1955	1955	-0.2206	0.8956	1	4
1958	1958	0.4781	-0.5801	3	3
1959	1959	-0.4947	0.5266	1	1
1971	1971	1.0586	0.3321	5	2
1972	1972	-0.3435	-0.3117	4	1
1975	1975	-0.8935	0.0461	2	1
1978	1978	-0.1808	-0.0142	5	108
1874	1874	-0.8818	-0.1935	2	1
1890	1890	0.669	-0.2065	3	1
1891	1891	0.941	-0.4189	3	4
1896	1896	-0.3684	0.597	1	2
1789	1789	0.2349	-0.4207	3	1
1795	1795	0.772	-0.5159	3	2
1797	1797	-0.3024	0.5945	1	1
1850	1850	0.0212	-0.7222	3	1
1861	1861	0.8567	-0.3865	3	2
1864	1864	0.2509	-0.6432	3	1
1686	1686	0.8529	0.5037	5	1
1697	1697	-0.8311	-0.2132	2	1
1719	1719	0.6587	-0.4646	3	1
1733	1733	1.0269	0.0989	5	5
1738	1738	0.9075	0.3487	3	4
1743	1743	-0.5334	0.5384	1	6
1747	1747	-0.7987	-0.1128	2	1
1752	1752	-0.4102	0.5898	1	52
1756	1756	0.2035	-0.5255	3	1
1767	1767	1.062	-0.3366	3	1
1771	1771	0.7203	0.6079	5	1
1601	1601	-0.251	0.3759	4	1
1603	1603	-0.948	-0.1751	2	1
1604	1604	-0.7684	-0.1116	2	10
1605	1605	-0.0571	-0.4374	3	97
1608	1608	0.4787	0.584	5	2
1612	1612	-0.3679	0.5866	1	3
1614	1614	0.5131	0.3764	3	1
1624	1624	0.7711	-0.2606	3	3
1626	1626	0.6545	0.4127	5	1
1632	1632	-0.4645	0.1353	5	1
1670	1670	0.1075	0.7596	5	1
1499	1499	-0.5675	-0.4168	2	2
1501	1501	-0.8514	-0.1903	2	1
1505	1505	0.8738	-0.5127	3	1
1509	1509	0.8616	-0.1331	3	1
1513	1513	0.8484	0.2362	5	1
1517	1517	0.6785	0.4238	5	2
1519	1519	-0.9387	0.084	2	2
1520	1520	0.7304	-0.1672	3	1
1525	1525	-0.5316	-0.1477	2	2
1531	1531	0.6496	-0.5647	3	2
1540	1540	0.2185	-0.4891	3	1
1549	1549	0.6688	0.4267	5	1
1551	1551	-0.9331	-0.1518	2	2
1564	1564	-0.7942	-0.2299	2	1
1566	1566	0.6864	-0.5343	3	1
1577	1577	0.7961	0.406	5	1
1582	1582	-0.1799	0.7867	1	1
1390	1390	-0.8928	0.1543	2	10
1400	1400	0.7663	-0.2434	3	6
1406	1406	-0.8349	-0.1226	2	1
1417	1417	0.4712	-0.5429	3	1
1426	1426	-0.8875	-0.2086	2	6
1429	1429	0.3522	-0.5092	3	4
1447	1447	0.2587	-0.0035	4	1
1456	1456	0.8809	-0.4513	3	36
1458	1458	-0.7247	-0.2154	2	4
1461	1461	0.5266	-0.6117	3	1
1471	1471	0.7647	-0.5356	3	1
1479	1479	1.0782	0.1372	5	1
1295	1295	0.7192	0.3406	5	22
1302	1302	-0.8711	-0.1344	2	2
1340	1340	-0.9067	0.0022	2	1
1354	1354	0.8065	-0.4719	3	2
1361	1361	-0.3257	-0.3098	4	2
1362	1362	-0.6401	0.198	2	1
1366	1366	-0.6606	-0.2841	2	25
1377	1377	-0.8488	-0.1798	2	1
1380	1380	-0.0795	-0.3664	3	5
1201	1201	-0.638	-0.2085	4	1
1202	1202	-0.358	0.6293	1	2
1209	1209	-0.11	0.7104	1	1
1211	1211	-0.9113	-0.1456	2	1
1240	1240	0.4788	0.0846	3	8
1243	1243	-0.7237	-0.2863	2	1
1250	1250	0.7673	-0.1129	3	1
1256	1256	-0.9006	-0.163	2	1
1257	1257	-0.6364	0.1368	2	1
1264	1264	0.7437	0.0233	3	5
1279	1279	-0.5825	0.4837	2	1
1102	1102	0.5842	0.6269	5	2
1104	1104	0.7166	0.4864	5	1
1118	1118	-0.5733	-0.1791	2	1
1119	1119	0.9203	-0.3629	3	2
1123	1123	0.8091	-0.1003	3	1
1127	1127	-0.8431	-0.2127	2	3
1128	1128	0.5744	-0.558	3	22
1131	1131	-0.9317	-0.0636	2	2
1151	1151	-0.5176	-0.3166	2	1
1158	1158	0.3297	-0.4742	3	1
1167	1167	1.0205	-0.3479	3	1
1173	1173	-0.9054	-0.2271	2	1
1177	1177	-0.521	-0.3604	2	2
1178	1178	-0.1943	-0.1957	4	7
1181	1181	-0.6902	-0.2356	2	1
1185	1185	0.6914	0.1807	3	1
998	998	0.4067	0.0232	4	8
999	999	0.8011	-0.0731	3	1
1016	1016	0.544	0.5529	5	4
1023	1023	0.1172	0.0319	2	2
1040	1040	0.5073	-0.4989	3	7
1055	1055	-0.1657	0.7697	1	2
1078	1078	-0.8653	-0.1417	2	19
889	889	-0.8463	-0.137	2	1
908	908	0.8372	0.2851	5	1
912	912	0.9906	0.0148	5	1
915	915	-0.1108	-0.1132	4	2
917	917	-0.3702	0.6864	1	15
920	920	0.7745	-0.0274	3	1
921	921	-0.7846	0.0547	2	1
923	923	-0.7293	0.2563	2	17
939	939	0.3918	-0.4515	3	3
944	944	-0.7265	0.028	2	1
952	952	-0.6244	-0.2302	4	12
954	954	-0.8582	-0.0003	2	1
956	956	-0.8583	-0.1173	2	1
958	958	-0.0078	0.7722	1	1
959	959	0.4608	-0.5284	3	1
963	963	-0.8468	-0.1651	2	3
967	967	-0.793	-0.1308	2	29
983	983	0.7632	0.5457	5	2
796	796	-0.3196	-0.3064	4	1
814	814	-0.5196	0.5567	2	9
815	815	-0.8611	-0.2117	2	1
819	819	1.238	-0.259	3	14
825	825	-0.0195	0.7725	1	1
844	844	-0.8361	0.0318	2	1
855	855	-0.6974	-0.1729	2	65
864	864	-0.7445	-0.1908	2	1
865	865	-0.7261	-0.2572	2	1
868	868	0.803	-0.2639	3	2
876	876	0.727	0.4849	5	2
878	878	-0.9102	-0.0011	2	3
707	707	0.6471	0.4528	5	2
708	708	-0.7599	-0.2864	2	1
709	709	0.0219	-0.7221	3	6
710	710	0.6134	-0.4924	3	2
712	712	-0.4367	-0.3601	2	2
719	719	-0.8456	-0.1236	2	1
726	726	-0.0519	-0.2563	4	4
728	728	-1.0097	-0.1652	2	66
729	729	0.7793	-0.5082	3	1
730	730	0.5705	-0.5564	3	3
731	731	-0.5405	-0.3357	2	1
741	741	0.5241	-0.5319	3	1
751	751	-0.2497	-0.1299	4	1
754	754	-0.5577	0.5212	2	1
763	763	0.7188	-0.4675	3	2
795	795	0.3451	-0.3831	3	2
598	598	-0.9469	-0.1583	2	2
605	605	-0.7503	-0.157	2	1
610	610	-0.6265	-0.2605	2	8
620	620	-0.0573	-0.3423	4	1
627	627	0.0105	-0.1601	4	15
628	628	-0.2431	-0.1511	4	2
630	630	0.7955	-0.4769	3	4
631	631	-0.7159	-0.1297	2	2
633	633	0.6005	0.5827	5	1
635	635	-0.9001	-0.0655	2	4
639	639	-0.7239	-0.0806	2	2
645	645	-0.3061	-0.3002	4	14
657	657	-0.0896	-0.4408	3	1
658	658	0.2694	-0.6502	3	6
662	662	1.0247	-0.3337	3	1
675	675	-0.7623	-0.2616	2	1
679	679	0.7664	0.2449	3	1
686	686	-0.5585	-0.1958	4	2
687	687	-0.6236	-0.2063	2	1
509	509	0.7585	0.585	5	2
515	515	-0.6564	-0.186	2	7
516	516	-0.9035	-0.0007	2	11
521	521	0.6358	0.4237	5	3
529	529	0.8223	0.4484	5	7
530	530	-0.0564	-0.2429	4	1
531	531	-0.7742	0.0613	2	1
532	532	-0.7915	-0.1126	2	1
537	537	0.5832	0.4842	5	2
544	544	-0.326	-0.182	4	1
547	547	0.6423	0.4007	5	2
552	552	0.5866	0.5177	5	2
555	555	-0.2716	-0.451	3	3
560	560	-0.616	0.3357	2	1
568	568	-0.7463	0.2464	2	1
575	575	-0.4471	-0.4218	3	3
582	582	0.2378	0.6275	1	3
594	594	-0.5693	0.4919	2	6
404	404	-0.7754	-0.1472	2	1
426	426	0.885	-0.514	3	1
427	427	0.5801	0.5393	5	9
430	430	-0.8893	0.0712	2	2
435	435	-0.7371	-0.2034	2	6
436	436	0.6551	-0.1268	3	1
439	439	-0.8314	-0.2077	2	27
447	447	-0.5576	-0.239	4	4
450	450	0.3581	-0.5266	3	11
462	462	0.3269	-0.0741	4	4
466	466	0.2601	-0.6425	3	2
471	471	0.6997	0.4111	5	24
472	472	-0.2553	-0.1632	4	1
476	476	-0.1287	0.6261	1	1
477	477	0.1311	0.6262	1	2
478	478	-0.1	-0.4526	3	3
487	487	-0.6231	-0.2532	2	1
488	488	0.482	-0.5021	3	12
491	491	0.1249	-0.512	3	3
492	492	-0.6221	-0.2528	2	35
494	494	0.7001	-0.5731	3	1
312	312	0.8454	-0.463	5	2
313	313	0.0752	-0.3164	4	5
317	317	-0.5969	0.4552	2	1
332	332	0.4669	0.42	5	5
338	338	-0.8172	0.0462	2	1
347	347	-0.3398	0.6445	1	1
355	355	0.8603	-0.486	3	417
357	357	0.7608	-0.5297	3	3
361	361	0.7205	-0.5465	3	6
362	362	1.2513	-0.2631	3	3
371	371	-0.4145	-0.2783	4	3
381	381	1.2542	-0.2651	3	1
383	383	-0.9544	-0.1399	2	3
385	385	0.8042	-0.3874	3	1
391	391	0.0202	-0.7216	3	26
392	392	-0.9392	-0.178	2	2
393	393	0.7885	-0.395	3	18
208	208	-0.6618	0.2544	2	1
210	210	-0.0258	0.0539	2	1
217	217	0.5212	0.5304	5	317
222	222	-0.3577	-0.3257	4	4
226	226	-0.8947	-0.0028	2	2
241	241	-0.8916	-0.2225	2	4
245	245	-0.9085	-0.0553	2	4
259	259	-0.9831	-0.0812	2	110
264	264	0.7062	-0.0385	4	37
266	266	-0.7095	-0.2434	2	2
267	267	0.046	0.7721	1	13
270	270	-0.531	0.5263	2	21
282	282	0.857	0.2099	5	3
284	284	-0.9045	0.0822	2	26
290	290	-0.8467	-0.1435	2	1
291	291	-0.9214	0.0121	2	2
294	294	0.5646	0.6327	5	2
301	301	1.1835	0.1904	5	1
305	305	-0.8782	0.1764	2	1
110	110	-0.8302	0.0287	2	4
114	114	0.7806	-0.5093	3	3
124	124	-0.8384	-0.1012	2	9
126	126	0.935	-0.3421	3	3
136	136	-0.6191	-0.2169	2	1
137	137	0.6899	-0.4242	3	18
139	139	-0.8808	-0.0469	2	2
144	144	-0.5287	0.532	2	2
146	146	-0.9085	0.0008	2	2
147	147	-0.9243	-0.1405	2	1
162	162	0.6881	0.4053	5	1
170	170	0.6154	-0.5662	3	2
178	178	1.0316	-0.0605	5	5
179	179	-0.8669	-0.0896	2	3
181	181	-0.9211	-0.1799	2	30
190	190	-0.6494	-0.0118	2	1
191	191	0.3902	-0.1235	4	2
196	196	-0.8853	-0.1892	2	3
198	198	-0.7332	0.1462	2	2
1	1	0.3896	-0.1234	4	4
5	5	0.3134	-0.008	4	3
18	18	-0.7595	-0.1782	2	8
30	30	0.9223	-0.4044	3	4
38	38	0.4308	-0.6236	3	5
40	40	0.6214	-0.551	3	1
48	48	0.6493	0.4479	5	1
54	54	-0.8273	-0.022	2	3
56	56	0.217	-0.0553	4	1
57	57	-0.9149	-0.1604	2	2
60	60	-0.6258	-0.2107	2	1
66	66	-0.2604	-0.1819	4	1
68	68	-0.7301	0.0103	2	1
69	69	-0.1866	-0.2699	4	1
70	70	0.648	0.4504	5	1
71	71	0.5051	-0.5238	3	1
74	74	-0.3464	0.5432	2	5
77	77	-0.115	-0.1703	4	4
80	80	-0.5564	0.4388	2	1
83	83	0.6427	-0.5631	3	1
91	91	0.4886	-0.3976	3	2
94	94	-0.806	-0.0075	2	51
97	97	0.3213	-0.4716	3	1
100	100	-0.1334	0.7659	1	1
103	103	1.2351	-0.2586	3	2
104	104	1.0234	-0.3504	3	1
105	105	0.7054	-0.5382	3	1
8	8	0.5269	-0.5983	3	26
13	13	-0.8374	-0.2054	2	3