id	label	x	y	cluster	weight
1878	1878	-0.8871	0.0387	2	90
1879	1879	0.89	-0.0134	5	1
1880	1880	-0.6533	-0.2027	2	21
1881	1881	0.5691	0.5155	5	7
1884	1884	-0.3183	0.6532	1	6
1886	1886	-0.2042	0.805	1	1
1289	1289	-0.7918	0.0806	2	198
3964	3964	-0.955	0.0889	2	1
3993	3993	-0.0566	0.7981	1	1
1679	1679	0.8385	0.5305	5	12
1682	1682	-0.1679	0.8125	1	2
3860	3860	0.7825	-0.5486	3	1
3865	3865	0.7355	-0.175	3	1
3877	3877	-0.9988	-0.2091	2	1
3891	3891	0.6112	0.5775	5	2
3894	3894	-0.6351	-0.4314	2	2
3896	3896	-0.2633	0.8963	1	5
3907	3907	-0.6581	-0.4131	2	1
3910	3910	0.9813	-0.4249	3	1
3927	3927	0.7959	-0.5616	3	3
3930	3930	-0.2529	-0.1792	4	3
3940	3940	-0.1498	-0.2072	4	1
3748	3748	-0.6306	0.4739	2	1
3755	3755	-0.7432	-0.3919	2	1
3762	3762	-0.7666	-0.3633	2	1
3769	3769	-0.2334	0.848	1	2
3772	3772	-0.2604	0.8539	1	1
3774	3774	1.2609	-0.0869	5	1
3784	3784	-0.0131	-0.7188	3	2
3796	3796	0.6428	0.5444	5	3
3797	3797	0.705	0.6435	5	1
3800	3800	-0.196	0.9156	1	3
3812	3812	0.0018	0.8076	1	1
3817	3817	0.6344	0.4481	5	1
3832	3832	-0.217	0.8794	1	1
3834	3834	0.2365	0.1641	1	2
3835	3835	-0.6446	-0.4347	2	2
3837	3837	0.8235	-0.5237	3	2
3656	3656	-0.6616	-0.3981	2	1
3665	3665	-0.8263	-0.3406	2	2
3679	3679	0.5828	-0.0324	4	2
3686	3686	0.6989	0.4056	5	1
3687	3687	-0.5968	-0.3972	4	2
3688	3688	0.0026	-0.7256	3	1
3697	3697	0.011	0.8006	1	1
3723	3723	-0.2106	0.8983	1	2
3728	3728	-0.3927	0.5853	1	16
3736	3736	0.6294	-0.1358	3	1
3740	3740	0.034	-0.7395	3	2
3742	3742	-0.8996	0.1909	2	1
3757	3757	0.2304	-0.4069	3	1
3759	3759	-0.9499	0.0119	2	1
3563	3563	1.2292	-0.2537	3	7
3567	3567	-0.0512	0.1629	1	1
3568	3568	0.4494	-0.5274	3	1
3573	3573	0.8651	-0.5053	3	268
3577	3577	-0.1999	0.8898	1	2
3578	3578	-0.218	-0.5056	3	6
3579	3579	-0.7921	0.0062	2	1
3580	3580	-0.4556	-0.3556	4	14
3585	3585	-0.369	-0.3308	4	4
3589	3589	0.2988	-0.6218	3	3
3590	3590	-0.2209	0.9165	1	3
3591	3591	0.674	0.3893	3	73
3597	3597	-0.8395	-0.2716	2	1
3603	3603	-0.829	-0.2013	2	2
3604	3604	-0.8863	-0.1219	2	1
3608	3608	-0.8929	-0.235	2	1
3616	3616	-0.206	0.9078	1	1
3618	3618	-0.5709	-0.3525	4	1
3620	3620	0.0277	-0.7307	3	1
3623	3623	-1.0317	-0.1696	2	1
3641	3641	0.6962	0.4538	5	1
3447	3447	-0.5248	0.4998	2	13
3449	3449	0.0187	-0.7287	3	2
3468	3468	1.2158	0.2408	5	1
3471	3471	0.7604	-0.4925	3	3
3472	3472	-0.564	-0.4051	4	34
3481	3481	0.0219	-0.4058	4	32
3485	3485	0.879	-0.4943	3	5
3491	3491	-0.6879	-0.2427	2	1
3493	3493	0.0308	0.7845	1	1
3498	3498	-0.4423	-0.3769	4	1
3499	3499	0.6109	-0.5874	3	1
3500	3500	-1.0356	-0.0523	2	1
3504	3504	0.4127	-0.0272	4	1
3511	3511	0.6622	0.3751	5	1
3516	3516	-0.8498	-0.101	2	2
3522	3522	0.5437	-0.0879	3	3
3529	3529	-1.0254	-0.1541	2	49
3532	3532	-0.4563	0.6905	1	5
3533	3533	0.92	0.2839	5	2
3537	3537	-0.3085	-0.2314	4	2
3540	3540	0.6432	-0.5555	3	1
3542	3542	-0.8967	-0.2549	2	2
3550	3550	0.237	0.0076	4	9
3354	3354	0.8017	-0.2237	3	2
3355	3355	0.6464	-0.5802	3	3
3359	3359	0.0285	-0.7224	3	2
3365	3365	0.4766	0.2206	4	11
3371	3371	-0.2287	0.9177	1	7
3385	3385	-0.1722	0.7699	1	2
3386	3386	0.8627	0.2155	5	1
3388	3388	-0.6324	-0.4135	2	8
3389	3389	0.1885	0.2182	1	1
3392	3392	0.388	-0.4436	3	1
3394	3394	-0.6921	0.1644	2	1
3396	3396	0.5775	0.6185	5	35
3400	3400	-0.1879	0.8518	1	1
3402	3402	0.6629	0.4468	5	1
3404	3404	0.4046	-0.5306	3	1
3409	3409	-0.4701	-0.3954	4	2
3412	3412	-0.7977	0.1321	2	1
3414	3414	0.8561	0.5348	5	56
3415	3415	-0.918	0.0629	2	1
3417	3417	-0.884	-0.2451	2	1
3424	3424	-0.2335	-0.2938	4	4
3425	3425	-0.2235	0.9107	1	1
3438	3438	0.569	0.6185	5	1
3440	3440	0.2369	-0.016	4	6
3456	3456	-0.4437	-0.5623	3	1
3264	3264	0.7264	-0.5853	3	1
3269	3269	-0.1344	0.8368	1	1
3271	3271	0.0048	0.7786	1	1
3284	3284	-0.4578	0.5436	1	1
3285	3285	0.9283	-0.4333	3	2
3287	3287	0.6769	-0.2335	3	6
3288	3288	-0.9343	0.1032	2	1
3289	3289	-0.9358	-0.0456	2	1
3292	3292	0.6805	0.3746	3	4
3293	3293	0.767	0.5491	5	1
3299	3299	-0.8349	0.2274	2	2
3301	3301	0.061	-0.4991	2	5
3303	3303	0.0829	-0.7317	3	7
3304	3304	0.8499	0.5388	5	7
3305	3305	-0.5461	-0.2715	2	1
3307	3307	-0.1966	-0.1413	4	1
3308	3308	-0.5989	0.4587	2	37
3309	3309	-0.2575	-0.1737	4	1
3310	3310	-0.9511	-0.2007	2	1
3324	3324	1.2577	-0.2072	3	13
3327	3327	0.8323	0.1904	5	1
3336	3336	-0.2164	-0.1517	4	13
3337	3337	-0.9737	0.0893	2	1
3339	3339	0.7275	-0.3043	3	7
3342	3342	0.0293	0.7622	5	1
3346	3346	0.0095	-0.6579	3	2
3361	3361	-0.7735	-0.1329	2	2
3362	3362	-0.1244	-0.1885	4	2
3165	3165	0.3727	0.1408	4	1
3174	3174	-0.6249	-0.1896	2	2
3175	3175	-0.6206	-0.2315	2	2
3176	3176	0.7907	0.1899	3	1
3177	3177	-0.6749	-0.2699	2	2
3178	3178	0.2526	0.6187	3	30
3197	3197	-0.5574	0.5157	2	2
3198	3198	0.7433	-0.5433	3	7
3199	3199	-0.2035	-0.3094	4	3
3204	3204	-0.1998	-0.1533	4	1
3205	3205	0.363	0.1508	4	3
3207	3207	0.444	0.4232	5	24
3208	3208	0.8322	-0.1236	3	1
3211	3211	0.6595	0.3601	3	1
3212	3212	0.4303	0.5544	1	4
3216	3216	-0.2185	0.8606	1	14
3217	3217	0.7537	-0.5899	3	1
3220	3220	-0.1472	0.7898	1	18
3224	3224	-0.2337	0.8942	1	1
3227	3227	0.6334	-0.574	3	3
3230	3230	1.1315	0.3075	5	1
3235	3235	0.8495	0.2136	5	2
3236	3236	0.7155	0.4883	5	1
3239	3239	-0.2551	0.7818	1	2
3243	3243	-0.5757	0.5011	2	2
3244	3244	0.4424	0.5965	1	1
3247	3247	-0.995	0.0029	2	1
3248	3248	-0.3842	0.7415	1	1
3250	3250	-0.7031	-0.3749	2	56
3251	3251	0.7898	0.457	5	8
3253	3253	0.4657	-0.5192	3	3
3255	3255	-0.0228	0.5985	1	1
3256	3256	1.0904	0.0906	3	1
3262	3262	0.0846	-0.5127	3	3
3073	3073	-0.2964	-0.4588	3	4
3076	3076	-0.3529	0.7068	1	50
3082	3082	-0.6337	-0.4247	2	15
3083	3083	-0.6471	-0.389	2	6
3085	3085	-1.0178	-0.033	2	1
3086	3086	-0.1039	0.8004	1	1
3089	3089	-0.6771	0.2005	2	2
3090	3090	-0.6105	-0.3797	4	2
3099	3099	-1.0016	-0.1417	2	16
3102	3102	-0.4989	0.5421	2	1
3104	3104	0.7782	-0.5617	3	14
3106	3106	0.231	0.3058	4	57
3108	3108	0.7011	-0.3928	3	5
3109	3109	-0.957	-0.1401	2	1
3110	3110	-0.8501	-0.2205	2	3
3113	3113	0.8355	0.2555	5	1
3114	3114	0.5475	-0.5138	3	13
3115	3115	0.6627	-0.5563	3	70
3116	3116	-0.2948	-0.2804	4	1
3123	3123	-1.0243	-0.161	2	50
3124	3124	0.7778	0.5778	5	5
3128	3128	0.7291	-0.2611	3	4
3129	3129	-0.5267	0.508	1	1
3132	3132	0.419	0.061	3	3
3133	3133	1.0215	0.3331	5	1
3136	3136	0.4311	-0.4695	3	1
3137	3137	-0.2274	-0.1242	4	20
3142	3142	-0.781	-0.0298	2	2
3143	3143	-0.4112	0.6531	1	3
3145	3145	-0.2442	-0.1789	4	2
3147	3147	-0.2088	0.8756	1	24
3148	3148	1.1747	0.1947	5	16
3149	3149	1.1876	0.2124	5	1
2977	2977	-0.9557	0.0762	2	2
2982	2982	0.7498	0.6125	5	1
2986	2986	0.9817	-0.3499	3	1
2988	2988	-0.2592	0.8686	1	1
2992	2992	-0.1739	0.7381	1	8
2995	2995	-0.3137	-0.5685	3	1
2996	2996	0.7355	-0.3973	3	13
2997	2997	-0.8755	-0.2664	2	6
2998	2998	0.0287	0.5305	5	8
2999	2999	-0.9808	-0.1819	2	1
3000	3000	-0.9487	0.0992	2	3
3001	3001	0.5881	0.6499	5	7
3002	3002	-0.7801	-0.0825	2	3
3005	3005	0.4322	-0.4575	3	5
3006	3006	0.4431	-0.4753	3	2
3016	3016	-0.3072	-0.2194	4	1
3018	3018	0.8254	0.4666	5	14
3022	3022	0.8184	0.5232	5	11
3028	3028	-0.3784	0.6689	1	5
3030	3030	-0.2036	0.8398	1	5
3033	3033	-0.8744	-0.202	2	1
3035	3035	-0.8404	0.0181	2	2
3039	3039	0.6424	0.4549	5	4
3045	3045	-0.9346	0.0132	2	13
3047	3047	-0.2209	0.9034	1	1
3049	3049	-0.0673	-0.1149	4	49
3052	3052	-0.8095	0.0304	2	1
3054	3054	-0.2961	0.754	1	6
3055	3055	-0.3866	0.595	1	1
3059	3059	-0.8711	-0.0087	2	3
3062	3062	-0.7235	-0.3615	2	27
3064	3064	-0.7801	-0.1828	2	1
2866	2866	-0.9588	-0.1826	2	11
2870	2870	-0.6666	-0.3773	2	3
2877	2877	-0.3477	0.6876	1	3
2881	2881	0.8881	0.1158	3	10
2882	2882	0.6351	0.4904	5	13
2890	2890	-0.2582	0.8428	1	13
2893	2893	-0.7863	-0.1636	2	6
2894	2894	-0.2611	0.849	1	25
2899	2899	0.8303	0.2685	5	1
2901	2901	-0.0974	0.6958	1	26
2904	2904	0.4209	-0.4482	3	2
2906	2906	0.0478	0.4852	4	3
2908	2908	-0.218	0.8918	1	1
2909	2909	-0.3774	-0.5093	3	3
2913	2913	-0.8054	-0.2408	2	2
2914	2914	-0.5064	-0.1941	4	42
2915	2915	-0.094	-0.4247	3	1
2918	2918	0.0193	-0.7229	3	3
2921	2921	-1.0031	-0.0013	2	1
2924	2924	0.6532	-0.1201	3	1
2933	2933	-0.2131	-0.2644	4	61
2935	2935	0.7054	0.6155	5	5
2936	2936	-0.6104	-0.2243	2	3
2938	2938	-0.2482	0.8628	1	1
2940	2940	0.3736	0.4561	5	1
2947	2947	0.8309	-0.4762	3	1
2948	2948	0.302	-0.5261	3	1
2952	2952	-0.8244	-0.2765	2	1
2953	2953	-0.5958	0.5115	1	1
2957	2957	-0.8234	-0.2617	2	4
2966	2966	-0.1964	0.7501	1	1
2968	2968	-0.6557	-0.2492	2	11
2969	2969	-0.2651	-0.2247	4	2
2774	2774	0.8766	-0.5365	3	3
2778	2778	-0.8105	-0.0613	2	5
2782	2782	1.1872	0.2187	5	3
2787	2787	-0.5585	0.4992	2	4
2791	2791	0.7981	-0.2177	3	3
2797	2797	0.7253	-0.4462	5	5
2798	2798	1.2518	-0.2615	3	1
2800	2800	0.1708	0.52	5	23
2801	2801	-0.6266	-0.0208	2	2
2802	2802	-0.2075	0.8812	1	9
2803	2803	0.293	0.3947	5	3
2806	2806	0.5712	0.5068	3	107
2808	2808	-0.3025	0.8326	1	1
2810	2810	0.9011	0.5179	5	5
2811	2811	-0.5283	-0.3087	2	1
2820	2820	0.703	0.4823	5	6
2821	2821	-0.5904	0.3528	2	19
2822	2822	-0.6241	-0.2124	4	8
2828	2828	0.594	0.4978	5	8
2829	2829	-0.9001	0.1675	2	3
2830	2830	0.0065	0.7693	1	4
2834	2834	-0.3721	-0.4412	2	2
2836	2836	0.1452	0.6332	1	1
2841	2841	-0.8795	-0.1684	2	2
2846	2846	0.5258	0.4499	5	1
2847	2847	-0.3524	-0.3176	4	1
2849	2849	-0.8343	-0.2444	2	65
2850	2850	0.9292	0.49	5	1
2851	2851	-0.6391	0.4538	2	10
2852	2852	-0.2268	0.9016	1	1
2854	2854	-0.9801	-0.0675	2	7
2858	2858	-0.1243	0.8075	1	1
2861	2861	0.7395	0.5932	5	1
2876	2876	0.1986	-0.397	4	4
2668	2668	0.3273	0.6017	5	2
2670	2670	0.479	-0.3308	4	117
2680	2680	0.6368	0.5162	5	2
2685	2685	-1.0311	-0.0736	2	13
2688	2688	0.6387	-0.209	3	2
2689	2689	1.2566	-0.2634	3	4
2693	2693	-0.5201	-0.3787	2	4
2694	2694	0.8202	0.47	5	2
2699	2699	-0.8107	-0.253	2	4
2700	2700	-0.1905	-0.1415	4	1
2703	2703	-0.5656	0.4757	2	3
2705	2705	0.676	-0.5207	3	3
2706	2706	-0.2205	0.8928	1	2
2708	2708	-0.6806	-0.3742	2	1
2711	2711	0.7576	0.5881	5	2
2715	2715	-0.9889	-0.1555	2	14
2719	2719	0.956	0.0905	5	1
2721	2721	-0.5846	-0.3293	2	254
2722	2722	-0.5995	-0.22	4	2
2725	2725	-0.7856	0.1248	2	207
2727	2727	-0.2892	0.77	1	2
2732	2732	-0.7151	-0.2971	2	2
2735	2735	-0.7618	-0.094	2	1
2736	2736	-0.8891	-0.1716	2	1
2737	2737	-0.2604	-0.1841	4	9
2741	2741	-0.2121	-0.1654	4	15
2743	2743	0.9495	-0.4179	3	19
2745	2745	-0.7956	-0.1757	2	18
2748	2748	0.6648	-0.525	3	11
2752	2752	-0.2821	0.7404	1	82
2755	2755	0.6142	0.457	5	4
2757	2757	-0.6616	-0.3434	2	1
2766	2766	-0.7188	-0.3524	2	6
2769	2769	0.2698	0.7347	5	2
2770	2770	1.0341	-0.0689	5	2
2575	2575	-0.8678	-0.2171	2	2
2578	2578	-0.7098	-0.3307	2	2
2579	2579	-0.2466	-0.4419	3	3
2581	2581	-0.9028	-0.1114	2	2
2585	2585	-0.9477	0.0358	2	2
2588	2588	0.6033	0.6407	5	3
2589	2589	0.7896	0.5192	5	10
2591	2591	0.662	0.5653	5	1
2592	2592	-0.3153	0.7456	1	36
2595	2595	0.756	-0.0938	3	1
2596	2596	-0.1402	0.8481	1	1
2599	2599	0.9887	-0.19	3	11
2600	2600	-0.2733	-0.1946	4	19
2603	2603	0.9567	-0.356	3	1
2604	2604	-0.6782	0.3271	2	1
2606	2606	0.3044	-0.6591	3	4
2608	2608	0.4069	-0.6679	3	2
2614	2614	-1.0006	-0.0337	2	6
2615	2615	-0.5995	-0.2778	4	1
2619	2619	-0.7921	-0.282	2	5
2620	2620	-0.9511	0.0786	2	1
2621	2621	-0.9443	-0.2043	2	1
2623	2623	0.9304	-0.247	3	1
2625	2625	0.4278	-0.5863	3	1
2628	2628	-0.8426	0.1541	2	1
2629	2629	-1.0099	-0.1236	2	68
2630	2630	0.331	-0.4723	3	35
2631	2631	0.7896	-0.422	3	9
2635	2635	-0.5816	0.3989	2	357
2639	2639	-0.1354	-0.4187	3	2
2650	2650	0.8771	-0.4367	3	1
2654	2654	-0.3534	0.6483	1	3
2655	2655	-0.4138	-0.2492	4	2
2656	2656	-0.3288	-0.2554	4	7
2657	2657	0.7727	-0.1765	3	5
2659	2659	0.7091	-0.5528	3	1
2662	2662	0.6927	-0.2671	3	1
2674	2674	-0.1306	0.7675	1	2
2471	2471	0.6232	-0.1405	4	4
2476	2476	-0.2191	-0.1342	4	2
2483	2483	-0.7856	-0.2616	2	3
2484	2484	-0.281	-0.2532	4	1
2485	2485	-0.6663	-0.1112	2	1
2486	2486	0.6375	0.5008	5	4
2488	2488	0.8267	0.2422	5	13
2489	2489	-0.3436	0.6359	1	1
2491	2491	0.6256	-0.3039	3	10
2493	2493	-0.0563	-0.1828	4	1
2494	2494	-0.6403	-0.2129	4	2
2495	2495	0.847	0.5221	5	1
2497	2497	-0.6888	0.3445	2	8
2501	2501	1.1993	0.2358	5	5
2504	2504	-0.9266	0.0423	2	10
2505	2505	0.5787	0.5415	5	16
2509	2509	-0.6628	0.2704	2	41
2510	2510	-0.7535	-0.2934	2	12
2512	2512	0.0282	0.6783	1	1
2513	2513	0.6288	0.3505	5	9
2514	2514	-0.1818	-0.157	4	1
2515	2515	-0.6036	-0.2495	2	11
2521	2521	1.1564	0.2307	5	2
2529	2529	-0.2128	0.8871	1	33
2534	2534	-0.8807	0.151	4	19
2537	2537	-0.8658	0.0024	2	14
2539	2539	0.7669	-0.4683	3	28
2541	2541	0.7591	-0.3239	3	21
2545	2545	-0.5564	-0.2874	2	3
2546	2546	-0.8561	-0.2091	2	1
2550	2550	-0.216	0.7677	1	1
2552	2552	0.2223	-0.6801	3	1
2554	2554	-0.8725	-0.2135	2	1
2555	2555	0.8015	-0.0702	3	4
2557	2557	0.5695	0.6763	5	18
2558	2558	0.682	-0.4531	3	8
2560	2560	-0.9704	-0.2043	2	1
2562	2562	-0.7327	-0.1549	2	1
2566	2566	-0.2687	-0.2009	4	5
2570	2570	-0.6161	-0.2489	2	2
2571	2571	1.2502	-0.2511	3	1
2573	2573	0.8692	-0.192	3	31
2574	2574	0.5082	0.6108	5	1
1290	1290	-0.5528	0.5006	2	8
1291	1291	0.8642	0.1398	5	131
1292	1292	-0.68	-0.3467	2	1
2378	2378	0.8969	-0.0208	5	5
2379	2379	0.0159	-0.7221	3	6
2381	2381	0.6719	-0.1919	3	3
2383	2383	-0.2714	-0.4536	3	1
2387	2387	0.5065	-0.3679	3	35
2389	2389	0.8635	0.2066	5	2
2390	2390	0.4649	0.4186	5	7
2394	2394	0.6886	-0.5758	3	2
2399	2399	0.8038	-0.5053	3	2
2400	2400	-0.2453	-0.169	4	1
2406	2406	-0.6485	-0.204	2	2
2411	2411	-0.0295	-0.1718	4	2
2414	2414	-0.7885	-0.1448	2	1
2419	2419	0.795	0.2514	5	2
2423	2423	-0.7574	-0.2376	2	7
2425	2425	0.5031	-0.1661	3	2
2426	2426	-0.964	-0.0587	2	105
2428	2428	-0.8538	-0.2161	2	5
2429	2429	-0.0239	-0.3361	3	2
2434	2434	-0.9017	-0.0475	2	1
2435	2435	0.6977	0.5399	5	31
2436	2436	-0.884	0.1776	2	10
2437	2437	-0.5288	-0.247	4	9
2439	2439	0.5864	0.5407	5	1
2443	2443	-0.8943	-0.0145	2	6
2444	2444	-0.2192	0.8845	1	9
2451	2451	0.868	0.2064	5	1
2452	2452	0.8703	-0.091	5	3
2453	2453	-0.5521	-0.2254	4	1
2454	2454	0.5027	-0.5462	3	1
2456	2456	-0.8426	0.1325	2	3
2458	2458	-0.1957	-0.4429	3	2
2460	2460	-0.457	0.4577	2	7
2463	2463	-0.2949	-0.1054	4	182
2465	2465	-0.2726	-0.4893	3	10
2467	2467	-0.2207	0.8265	1	1
2478	2478	-0.7152	-0.2091	2	4
2482	2482	0.6932	-0.5839	3	1
2271	2271	-0.7106	0.1988	2	3
2274	2274	0.0227	-0.7211	3	12
2283	2283	0.6728	-0.5374	3	3
2288	2288	-0.3552	-0.3486	4	5
2289	2289	-0.9093	0.0064	2	3
2291	2291	0.7975	-0.3066	3	83
2293	2293	1.2412	-0.2604	3	11
2294	2294	0.8062	-0.0844	3	11
2295	2295	-0.1508	-0.1527	4	3
2296	2296	-0.7156	0.1147	2	1
2298	2298	0.7275	-0.4189	3	2
2299	2299	-0.8081	-0.031	2	13
2300	2300	0.7766	-0.2241	3	24
2305	2305	-0.5408	-0.3736	4	5
2306	2306	-0.782	-0.0511	2	2
2307	2307	-0.9987	-0.1914	2	2
2308	2308	1.1104	0.2307	5	9
2311	2311	-0.6293	-0.2376	2	2
2314	2314	0.2792	0.0367	4	1
2322	2322	-0.9793	-0.1379	2	4
2324	2324	-0.3665	-0.4181	4	1
2331	2331	0.0361	0.7576	5	88
2333	2333	0.4966	-0.3184	3	1
2334	2334	0.8491	-0.0941	3	34
2338	2338	-0.8094	-0.112	2	9
2339	2339	-0.0946	0.033	4	1
2340	2340	0.615	-0.5498	3	1
2342	2342	0.2923	-0.6185	3	2
2343	2343	-0.882	0.0582	2	2
2345	2345	0.6966	-0.4763	3	5
2346	2346	0.0248	-0.7207	3	1
2349	2349	0.9172	0.4914	5	1
2351	2351	0.8574	0.2102	5	46
2353	2353	-0.7674	-0.0151	2	1
2354	2354	0.8265	-0.5075	3	98
2356	2356	-0.3603	0.5696	2	2
2357	2357	0.9593	-0.2928	3	6
2360	2360	-0.0294	0.3917	4	3
2361	2361	0.6098	0.6537	5	4
2367	2367	0.8171	0.543	5	8
2368	2368	-0.2341	0.8879	1	1
2370	2370	-0.351	-0.2333	4	1
2372	2372	-0.6405	-0.3738	2	11
2373	2373	-0.2647	-0.1883	4	1
2374	2374	0.7955	-0.2244	3	1
2375	2375	-0.6307	-0.3024	2	1
2377	2377	-0.3701	0.7068	1	20
2178	2178	0.6164	0.417	5	4
2179	2179	-0.5463	0.5428	2	1
2181	2181	0.0946	0.5206	4	6
2186	2186	-0.9132	-0.1512	2	6
2187	2187	-0.6369	-0.3887	2	29
2189	2189	0.8036	-0.5489	3	1
2194	2194	-0.8366	0.079	2	1
2197	2197	-0.6312	-0.3988	2	2
2201	2201	-0.8514	-0.1173	2	77
2203	2203	0.3196	-0.6358	3	4
2204	2204	-0.2398	0.904	1	1
2205	2205	0.1509	-0.3438	3	2
2207	2207	0.9548	-0.3628	3	2
2208	2208	-0.43	0.5933	2	1
2209	2209	-0.839	-0.1419	2	4
2211	2211	-0.2262	0.9047	1	22
2212	2212	0.7704	-0.4087	3	1
2213	2213	0.7064	-0.5283	3	2
2217	2217	0.7249	-0.1766	3	1
2221	2221	-0.7658	0.0784	2	1
2222	2222	-0.3747	-0.277	4	1
2223	2223	-0.7917	-0.2908	2	121
2227	2227	0.8549	0.1964	5	2
2229	2229	1.0287	0.4426	5	3
2236	2236	-0.6214	-0.4134	2	1
2240	2240	0.4101	-0.6032	3	20
2242	2242	0.9316	0.4891	5	33
2243	2243	0.7999	-0.0545	3	12
2248	2248	0.892	-0.2743	5	1
2249	2249	0.5673	0.5402	5	3
2250	2250	-0.1735	-0.5497	3	12
2251	2251	-0.5745	0.5109	2	5
2252	2252	0.6803	0.4153	5	1
2255	2255	-0.2619	-0.2346	4	2
2256	2256	-0.5308	-0.283	4	1
2260	2260	-0.5883	0.3543	2	19
2261	2261	0.0069	-0.1375	4	52
2262	2262	-0.8857	0.0861	2	1
2268	2268	-0.619	0.4381	2	1
2269	2269	0.3102	0.5496	5	5
2275	2275	0.5297	0.631	5	1
2277	2277	0.8546	0.2595	5	35
2278	2278	-0.194	0.8538	1	3
2279	2279	-0.9155	-0.078	2	2
2281	2281	0.461	-0.5569	3	31
2282	2282	0.6041	-0.3374	3	1
2074	2074	0.777	-0.3964	3	114
2078	2078	0.4559	0.6709	5	1
2079	2079	-0.6649	-0.1682	2	13
2080	2080	0.8359	-0.0254	3	14
2081	2081	-0.8456	-0.2281	2	55
2088	2088	0.839	0.5388	5	214
2092	2092	0.7708	-0.5011	3	2
2094	2094	-0.922	-0.1719	2	23
2096	2096	-0.7148	-0.1646	2	1
2098	2098	0.6736	-0.2792	3	3
2099	2099	0.1044	-0.4016	3	10
2102	2102	1.0482	0.2262	5	5
2103	2103	0.7326	-0.1765	3	86
2104	2104	-0.578	0.3113	5	2
2105	2105	0.6608	-0.1719	3	4
2110	2110	0.4709	0.6375	5	11
2111	2111	0.6532	0.495	5	1
2112	2112	-0.1463	0.7745	1	190
2113	2113	-0.6895	0.1008	2	2
2115	2115	-0.7318	-0.134	2	3
2116	2116	0.3917	-0.5498	3	25
2117	2117	-0.8395	-0.0696	2	1
2118	2118	0.7545	-0.0969	3	30
2121	2121	-0.6838	0.4018	2	36
2125	2125	-0.8492	-0.2368	2	31
2126	2126	-0.8421	0.0452	4	213
2127	2127	-0.1805	0.7936	1	1
2135	2135	-0.9826	-0.0908	2	52
2140	2140	0.9084	-0.4473	3	2
2141	2141	-0.6186	-0.2359	4	1
2142	2142	0.6356	-0.4149	3	17
2143	2143	-0.6627	-0.1788	2	4
2144	2144	1.1802	-0.3018	3	8
2148	2148	-0.4975	-0.3211	2	36
2150	2150	0.9693	-0.3338	3	1
2151	2151	0.6353	0.4205	5	1
2153	2153	-0.6885	-0.2031	2	23
2155	2155	-0.0663	0.7173	1	1
2157	2157	-0.3532	-0.3089	4	3
2160	2160	-1.01	-0.177	2	1
2161	2161	0.9768	-0.1932	3	6
2163	2163	0.7072	-0.494	3	19
2164	2164	0.2673	0.7386	5	29
2166	2166	-0.1677	-0.1559	4	11
2167	2167	0.2661	-0.3648	3	1
2168	2168	-0.9292	-0.1773	2	1
2171	2171	0.0096	-0.7154	3	2
2173	2173	-0.9167	-0.0397	2	1
2174	2174	1.2145	0.2318	5	3
1982	1982	0.0246	-0.7184	3	4
1983	1983	0.7658	-0.517	3	12
1984	1984	-0.4203	-0.3523	2	1
1985	1985	-0.0918	-0.4742	3	10
1988	1988	0.3171	-0.6695	3	1
1989	1989	-0.343	-0.3208	4	8
1990	1990	0.7874	0.39	5	2
1992	1992	-0.7336	0.0449	2	3
1993	1993	-0.5089	-0.3307	2	3
1994	1994	0.5817	0.1419	3	4
1996	1996	0.1619	-0.6188	3	2
1998	1998	0.3017	0.0147	4	2
2001	2001	0.803	-0.4223	3	4
2002	2002	0.6506	0.447	5	2
2003	2003	0.5046	-0.2215	3	2
2006	2006	-0.037	-0.2332	4	1
2010	2010	-0.8624	-0.156	2	37
2012	2012	0.78	0.5728	5	19
2013	2013	0.9466	0.0134	5	3
2015	2015	-0.7781	-0.2606	2	5
2016	2016	1.0545	-0.1815	5	5
2018	2018	0.6204	0.4633	5	1
2022	2022	-0.1944	0.7864	1	129
2023	2023	0.7212	-0.5906	3	13
2026	2026	-0.2814	-0.4597	2	28
2028	2028	0.8562	-0.2769	3	1
2039	2039	-0.7908	-0.1208	2	17
2040	2040	-0.3325	-0.3175	4	1
2043	2043	-0.0569	0.651	5	5
2047	2047	-0.8717	-0.1484	2	17
2051	2051	-0.8779	0.0776	2	1
2052	2052	0.7467	-0.2397	5	5
2053	2053	0.7025	-0.2611	3	1
2055	2055	-0.1212	0.8244	1	1
2060	2060	0.5498	-0.4721	3	1
2063	2063	0.8158	0.4484	5	1
2072	2072	-0.667	0.4096	2	2
2073	2073	-0.8744	0.1031	2	1
2083	2083	0.3768	0.3258	3	24
2084	2084	0.7905	-0.4864	3	13
2085	2085	-0.1548	-0.3233	4	14
2086	2086	-0.7484	-0.1072	2	6
1903	1903	-1.0055	-0.0369	2	1
1904	1904	0.972	-0.1301	5	18
1907	1907	-0.5764	-0.147	4	2
1911	1911	0.841	-0.032	5	5
1912	1912	0.9432	0.1051	5	1
1913	1913	-0.9081	-0.153	2	22
1914	1914	0.9953	-0.0085	5	12
1915	1915	-0.8206	-0.0573	2	10
1918	1918	0.8167	0.1337	3	650
1919	1919	0.6632	-0.2705	3	19
1920	1920	-0.9271	0.0881	2	2
1921	1921	0.8017	-0.2118	3	5
1922	1922	0.5304	0.6698	5	5
1925	1925	0.8096	-0.5594	3	7
1927	1927	-0.2562	-0.1821	4	268
1928	1928	-0.3923	-0.3763	4	7
1930	1930	-0.3623	-0.3271	4	1
1931	1931	0.7593	-0.5596	3	1
1932	1932	0.2158	-0.5402	3	31
1935	1935	0.009	-0.7201	3	24
1939	1939	0.873	0.411	5	12
1940	1940	-0.5062	0.5734	1	21
1942	1942	-0.2091	0.8927	1	24
1944	1944	-0.7112	-0.342	2	633
1946	1946	0.9637	-0.3003	3	1
1947	1947	-0.5318	-0.3245	4	24
1948	1948	-0.873	-0.1005	2	6
1952	1952	0.2335	0.5865	5	2
1955	1955	-0.2206	0.8956	1	15
1956	1956	0.6386	-0.5675	3	140
1958	1958	0.4781	-0.5801	3	132
1964	1964	0.6844	-0.405	3	9
1965	1965	-0.5232	0.5507	2	1
1966	1966	0.4074	-0.48	3	3
1967	1967	-0.5953	-0.2917	2	2
1968	1968	-0.91	-0.0088	2	3
1972	1972	-0.3435	-0.3117	4	12
1973	1973	0.0408	-0.2953	4	2
1975	1975	-0.8935	0.0461	2	1
1977	1977	0.8262	-0.1146	5	1
1978	1978	-0.1808	-0.0142	5	8
1874	1874	-0.8818	-0.1935	2	4
1875	1875	-0.9224	0.0024	2	21
1876	1876	-0.1446	-0.1333	4	3
1888	1888	-0.8763	0.1684	2	32
1891	1891	0.941	-0.4189	3	6
1892	1892	-0.7404	-0.2508	2	14
1896	1896	-0.3684	0.597	1	1
1899	1899	-0.6127	0.3964	2	3
1900	1900	-0.8267	-0.1744	2	2
1785	1785	-0.7992	-0.1237	2	9
1786	1786	0.281	-0.522	3	6
1790	1790	-0.6988	0.3274	2	6
1791	1791	0.6287	-0.0844	3	3
1799	1799	0.6608	0.4163	5	2
1801	1801	0.7603	-0.458	3	8
1802	1802	0.8411	0.5429	5	8
1803	1803	-0.8777	-0.1971	2	1
1810	1810	0.704	0.6231	5	1
1812	1812	-0.445	0.6389	1	2
1813	1813	-0.2083	0.8914	1	7
1814	1814	-0.6568	-0.1597	2	5
1820	1820	-0.653	-0.2553	2	3
1822	1822	-0.6175	0.451	2	5
1824	1824	1.1555	0.2078	5	180
1825	1825	0.6776	0.3406	5	16
1826	1826	-0.8134	0.1809	2	2
1829	1829	-0.9945	-0.1706	2	6
1830	1830	0.6517	0.442	5	81
1831	1831	-0.2027	0.7601	1	47
1832	1832	0.0033	0.7669	1	2
1833	1833	-0.6534	-0.259	2	4
1835	1835	-0.7666	-0.2353	2	8
1837	1837	-0.2517	-0.1719	4	4
1838	1838	0.6604	0.4238	5	1
1841	1841	0.9878	-0.306	3	2
1843	1843	0.6193	0.4759	3	27
1844	1844	-0.3153	0.5522	1	1
1845	1845	0.8365	-0.3766	3	2
1847	1847	0.8059	-0.0059	5	706
1848	1848	0.0589	0.7554	1	15
1850	1850	0.0212	-0.7222	3	101
1852	1852	0.8287	0.2768	5	21
1854	1854	-0.1411	0.7986	1	564
1856	1856	-0.8242	-0.2451	2	3
1860	1860	-0.9341	-0.1433	2	2
1861	1861	0.8567	-0.3865	3	2
1863	1863	-0.6528	0.3659	2	5
1865	1865	0.7732	0.0848	5	134
1868	1868	0.5393	0.5138	5	28
1869	1869	0.2686	-0.6757	3	11
1870	1870	-0.8744	-0.08	2	1
1871	1871	0.2985	0.3957	5	33
1872	1872	0.6857	-0.1971	3	2
1683	1683	0.6892	0.0657	3	15
1686	1686	0.8529	0.5037	5	1
1693	1693	0.8456	0.5378	5	4
1694	1694	0.7426	0.0231	3	26
1697	1697	-0.8311	-0.2132	2	7
1698	1698	0.7843	-0.4107	3	5
1699	1699	0.725	-0.2154	3	42
1700	1700	0.4827	0.5205	3	9
1702	1702	0.7258	-0.5021	3	2
1703	1703	0.0895	-0.7147	3	127
1704	1704	0.4105	-0.4454	3	10
1707	1707	0.7875	-0.4343	3	6
1709	1709	0.0891	0.3762	5	607
1711	1711	0.2678	0.1649	4	22
1713	1713	-0.2052	0.7597	1	1
1716	1716	0.6704	0.4099	3	2
1717	1717	0.6786	-0.2406	3	7
1719	1719	0.6587	-0.4646	3	4
1720	1720	-0.1791	-0.2623	4	1
1722	1722	0.5797	-0.1253	3	9
1723	1723	-0.877	-0.1391	2	16
1724	1724	0.6534	0.3976	3	9
1726	1726	-0.1411	0.7443	1	8
1730	1730	0.3195	-0.2241	3	91
1731	1731	-0.9	-0.2228	2	2
1732	1732	-0.7285	0.117	2	2
1733	1733	1.0269	0.0989	5	20
1737	1737	0.8153	0.1982	3	6
1738	1738	0.9075	0.3487	3	176
1740	1740	0.2687	-0.027	4	28
1742	1742	-0.6352	-0.3947	2	2
1743	1743	-0.5334	0.5384	1	341
1746	1746	1.253	-0.2571	3	70
1747	1747	-0.7987	-0.1128	2	35
1752	1752	-0.4102	0.5898	1	1
1753	1753	0.4381	0.6714	5	2
1754	1754	-0.8389	-0.1968	2	3
1756	1756	0.2035	-0.5255	3	10
1757	1757	0.684	-0.2539	3	9
1758	1758	0.4427	-0.5014	3	1
1760	1760	-0.5979	-0.1145	2	7
1765	1765	0.843	-0.4237	3	1
1767	1767	1.062	-0.3366	3	1
1768	1768	0.1421	-0.6029	3	4
1772	1772	1.212	0.2344	5	10
1774	1774	0.532	-0.5902	3	10
1775	1775	0.0615	0.7514	1	197
1776	1776	0.7426	-0.1692	3	26
1777	1777	1.1915	0.2362	5	12
1778	1778	-0.7217	-0.2644	2	38
1780	1780	-0.6637	-0.2123	4	7
1782	1782	-0.9369	-0.0078	2	3
1587	1587	-0.9493	-0.1843	2	110
1588	1588	-0.742	-0.26	2	1
1591	1591	0.2188	0.1713	4	2
1593	1593	-0.2644	-0.2013	4	47
1594	1594	0.6641	0.435	5	16
1595	1595	-0.8296	0.1741	2	15
1596	1596	0.2304	0.6853	5	14
1597	1597	-0.8326	-0.1651	2	18
1600	1600	-0.1494	-0.4208	3	1
1601	1601	-0.251	0.3759	4	1
1602	1602	-0.7551	-0.032	2	15
1603	1603	-0.948	-0.1751	2	6
1604	1604	-0.7684	-0.1116	2	91
1605	1605	-0.0571	-0.4374	3	11
1608	1608	0.4787	0.584	5	16
1609	1609	-0.7587	-0.2137	2	1
1610	1610	0.3954	-0.2254	3	5
1612	1612	-0.3679	0.5866	1	11
1616	1616	-0.6018	-0.1627	2	242
1617	1617	-0.1233	0.7639	1	5
1622	1622	-0.8122	-0.1863	2	3
1623	1623	-0.9607	-0.0764	2	2
1624	1624	0.7711	-0.2606	3	1
1626	1626	0.6545	0.4127	5	77
1627	1627	0.6242	0.6489	5	30
1628	1628	0.4923	-0.323	3	44
1629	1629	1.2466	-0.2516	3	1
1630	1630	0.0397	-0.1822	4	14
1631	1631	-0.2143	0.8835	1	2
1632	1632	-0.4645	0.1353	5	13
1633	1633	0.8873	0.3867	5	151
1634	1634	0.8577	-0.254	3	12
1635	1635	-0.9222	0.028	2	2
1636	1636	0.5042	-0.4932	3	21
1637	1637	0.6182	-0.4841	3	1
1639	1639	0.2123	-0.0354	4	8
1640	1640	0.7076	0.5937	5	16
1642	1642	0.6898	-0.2597	3	1
1643	1643	0.658	0.4395	5	4
1644	1644	-0.5796	-0.2526	2	8
1645	1645	0.9333	-0.4188	3	1
1646	1646	0.3782	-0.4978	3	2
1649	1649	-0.944	-0.1253	2	1
1652	1652	0.8722	-0.2919	5	3
1654	1654	-0.1024	0.1486	4	2
1655	1655	0.3781	-0.4999	3	23
1656	1656	0.3262	0.2111	4	126
1659	1659	-0.4315	-0.3516	4	7
1661	1661	0.9022	-0.5144	3	1
1662	1662	0.9366	-0.4647	3	2
1663	1663	0.5812	-0.0199	4	2
1665	1665	0.0821	-0.1232	4	13
1667	1667	-0.8055	-0.137	2	8
1669	1669	0.4929	-0.5359	3	63
1673	1673	0.616	0.1688	5	3
1674	1674	-0.7599	-0.304	2	6
1675	1675	-0.3555	0.683	1	19
1677	1677	-0.6273	-0.3226	2	2
1689	1689	-0.8595	-0.1304	2	1
1494	1494	0.1032	-0.3018	4	21
1495	1495	-0.5039	-0.3186	2	2
1499	1499	-0.5675	-0.4168	2	20
1500	1500	-0.3752	-0.3133	4	1
1502	1502	-0.8647	-0.1928	2	11
1505	1505	0.8738	-0.5127	3	6
1507	1507	-0.399	0.5519	2	1
1508	1508	-0.6088	-0.2031	4	11
1509	1509	0.8616	-0.1331	3	9
1510	1510	0.2557	0.0792	5	1
1511	1511	0.9826	-0.196	3	1
1515	1515	-0.1055	0.7748	1	14
1518	1518	0.4612	-0.3774	3	2
1519	1519	-0.9387	0.084	2	1
1521	1521	-0.9024	-0.1454	2	1
1522	1522	-0.7318	0.258	2	2
1523	1523	-0.6475	0.2179	2	1
1524	1524	0.8215	0.4635	5	40
1525	1525	-0.5316	-0.1477	2	97
1528	1528	-0.8727	0.1729	2	2
1531	1531	0.6496	-0.5647	3	10
1532	1532	-0.7027	-0.2411	2	5
1540	1540	0.2185	-0.4891	3	17
1545	1545	0.2728	-0.1303	4	11
1546	1546	-0.9022	-0.0562	2	25
1548	1548	-0.2322	0.0373	2	1
1549	1549	0.6688	0.4267	5	11
1550	1550	0.9309	0.4873	5	96
1551	1551	-0.9331	-0.1518	2	1
1553	1553	0.368	0.6415	5	53
1554	1554	0.6806	-0.259	3	29
1556	1556	-0.9145	-0.1386	2	1
1563	1563	1.1939	0.2391	5	1
1564	1564	-0.7942	-0.2299	2	5
1566	1566	0.6864	-0.5343	3	18
1567	1567	-0.547	-0.3395	4	2
1569	1569	0.3269	-0.5294	3	1
1570	1570	0.5124	0.5452	5	3
1572	1572	-0.6197	0.4489	2	1
1574	1574	1.2507	-0.2633	3	3
1576	1576	-0.5425	0.532	2	127
1577	1577	0.7961	0.406	5	5
1580	1580	-0.2566	-0.1849	4	49
1581	1581	-0.884	-0.0661	4	2
1582	1582	-0.1799	0.7867	1	5
1585	1585	-0.5408	-0.2686	4	2
1586	1586	-0.8481	0.024	2	4
1390	1390	-0.8928	0.1543	2	2
1391	1391	-0.4303	0.6534	1	8
1392	1392	0.6501	-0.3082	3	6
1394	1394	-0.3157	0.7345	1	4
1396	1396	0.3307	-0.1625	3	10
1397	1397	1.0282	0.1037	5	4
1398	1398	-0.9952	-0.1486	2	146
1400	1400	0.7663	-0.2434	3	2
1401	1401	0.3415	-0.5458	3	36
1402	1402	0.5948	0.178	3	2
1403	1403	0.045	0.7557	1	3
1407	1407	-0.3775	0.5625	2	48
1409	1409	0.5799	0.5106	5	2
1410	1410	-0.8209	-0.0936	2	4
1411	1411	-0.5754	-0.1764	2	9
1412	1412	-0.0005	0.7663	1	4
1413	1413	-0.7398	-0.1843	2	5
1415	1415	0.2775	-0.1414	4	28
1416	1416	0.7414	0.597	5	3
1417	1417	0.4712	-0.5429	3	1
1418	1418	0.4483	-0.5768	3	1
1419	1419	-0.5079	-0.3064	2	4
1421	1421	-0.3582	-0.3164	4	2
1422	1422	-0.4798	-0.379	2	2
1423	1423	0.6586	-0.4367	3	7
1426	1426	-0.8875	-0.2086	2	3
1428	1428	-0.8992	-0.0195	2	7
1429	1429	0.3522	-0.5092	3	33
1430	1430	-0.9541	0.0505	2	18
1431	1431	-0.883	0.177	2	2
1432	1432	0.4565	-0.413	3	2
1433	1433	-0.2679	-0.4715	3	1
1434	1434	-0.3581	-0.1908	4	4
1435	1435	0.6381	0.465	5	2
1436	1436	-0.6835	0.1771	2	1
1439	1439	-0.3775	0.5986	1	2
1441	1441	0.323	-0.5732	3	16
1443	1443	-0.5347	0.4697	2	2
1445	1445	1.112	-0.3016	3	3
1447	1447	0.2587	-0.0035	4	43
1448	1448	0.0869	-0.7163	3	1
1450	1450	0.496	-0.5513	3	103
1451	1451	-0.2947	0.0014	4	11
1454	1454	0.0162	-0.2171	4	5
1456	1456	0.8809	-0.4513	3	2
1457	1457	1.0512	0.1146	3	192
1460	1460	0.7842	-0.5527	3	315
1461	1461	0.5266	-0.6117	3	2
1462	1462	-0.0744	-0.5033	3	121
1463	1463	0.56	-0.0043	3	11
1464	1464	-0.9164	0.0392	2	2
1465	1465	-0.1941	-0.1386	4	3
1467	1467	0.8282	0.2819	5	17
1468	1468	-0.8147	-0.1249	2	247
1469	1469	-0.8696	-0.1789	2	1
1471	1471	0.7647	-0.5356	3	111
1475	1475	0.8647	-0.2761	3	5
1476	1476	0.6085	0.5672	5	1
1477	1477	0.3238	0.0223	4	1
1478	1478	-0.9147	-0.0886	2	1
1480	1480	-0.2396	-0.1551	4	1
1490	1490	-0.3736	-0.2714	4	648
1491	1491	0.7368	-0.4852	3	40
1492	1492	-0.7543	-0.0085	2	3
1493	1493	-0.5052	-0.3514	4	42
1280	1280	0.5517	0.5526	5	97
1282	1282	-0.6499	-0.2306	2	64
1284	1284	-0.8514	-0.087	2	68
1285	1285	-0.6623	-0.2843	2	1
1293	1293	-0.8607	-0.2241	2	3
1296	1296	-0.7118	-0.1402	2	12
1298	1298	-0.2128	0.851	1	1
1299	1299	-0.4	-0.191	4	3
1302	1302	-0.8711	-0.1344	2	6
1303	1303	-0.7363	-0.2328	2	19
1306	1306	-0.6904	-0.2765	2	1
1307	1307	-0.8094	0.1745	2	5
1308	1308	-0.7546	0.092	2	17
1309	1309	-0.1437	0.7231	1	2
1311	1311	0.7891	-0.3919	3	29
1312	1312	-0.2602	0.8281	1	7
1313	1313	0.9435	-0.4179	3	23
1316	1316	0.7834	-0.3986	3	68
1317	1317	-0.8349	-0.1582	2	1
1318	1318	0.7443	-0.0806	3	1
1321	1321	0.8206	0.4546	5	1
1322	1322	-0.6751	-0.2034	2	30
1324	1324	-0.8829	-0.1747	2	84
1325	1325	-0.8603	-0.1272	2	3
1326	1326	0.2336	-0.4792	3	1
1329	1329	0.5413	0.4135	5	6
1331	1331	0.5132	0.5299	5	22
1332	1332	0.7734	-0.259	3	4
1333	1333	0.5736	-0.3931	3	5
1334	1334	-0.3599	-0.3072	4	15
1336	1336	-0.5131	0.4118	2	1
1337	1337	1.2494	-0.2513	3	1
1338	1338	0.5192	-0.5548	3	18
1340	1340	-0.9067	0.0022	2	77
1341	1341	-0.2413	0.9046	1	2
1343	1343	0.6983	-0.5734	3	197
1345	1345	-0.103	-0.3955	4	2
1346	1346	-0.7843	0.1731	2	14
1348	1348	1.0011	0.2506	5	26
1350	1350	0.6985	0.3039	5	1
1351	1351	-0.129	0.5966	1	2
1352	1352	0.8709	0.1792	5	11
1353	1353	0.5167	0.4115	5	3
1354	1354	0.8065	-0.4719	3	3
1355	1355	-0.8694	0.1667	2	1
1356	1356	0.3218	-0.4723	3	3
1357	1357	-0.8734	-0.2246	2	10
1358	1358	0.6758	-0.244	3	1
1359	1359	0.6738	0.422	5	1
1361	1361	-0.3257	-0.3098	4	11
1363	1363	0.2311	-0.5416	3	2
1364	1364	0.3172	-0.1237	4	38
1365	1365	0.449	0.0402	4	4
1366	1366	-0.6606	-0.2841	2	8
1369	1369	-0.7621	0.0036	2	327
1372	1372	-0.922	0.0176	2	1
1373	1373	0.1787	0.6087	5	1
1376	1376	-0.5206	0.5554	2	1
1377	1377	-0.8488	-0.1798	2	2
1379	1379	0.5232	-0.2495	3	19
1381	1381	-0.1802	0.855	1	8
1382	1382	-0.4105	0.6473	1	31
1383	1383	-0.8748	-0.1842	2	12
1386	1386	0.462	-0.4301	3	1
1188	1188	-0.6385	-0.2003	2	176
1190	1190	0.5285	0.5407	5	1
1191	1191	0.8244	0.2152	5	1
1192	1192	-0.8143	-0.1515	2	10
1193	1193	-0.5093	-0.2407	4	7
1195	1195	-0.7629	0.1566	2	82
1197	1197	-0.9629	0.0054	2	1
1200	1200	0.5292	-0.4778	3	8
1201	1201	-0.638	-0.2085	4	1
1203	1203	-0.9772	-0.0204	2	16
1205	1205	0.7501	0.5764	5	5
1206	1206	0.4842	-0.2467	3	1
1207	1207	0.2996	0.0096	4	3
1209	1209	-0.11	0.7104	1	5
1210	1210	-0.6963	-0.1633	2	1
1211	1211	-0.9113	-0.1456	2	1
1212	1212	-0.8925	-0.2274	2	1
1213	1213	-0.4926	-0.2283	2	2
1214	1214	0.077	-0.1238	4	4
1218	1218	0.7975	-0.3585	3	1
1219	1219	-0.6622	0.2249	2	19
1220	1220	-0.8373	-0.1875	2	1
1221	1221	0.6164	-0.4834	3	1
1224	1224	-0.3962	-0.1914	2	3
1226	1226	0.7815	-0.3153	3	19
1227	1227	-0.7709	-0.2228	2	1
1228	1228	0.9652	-0.3664	3	8
1231	1231	0.433	-0.5176	3	337
1232	1232	0.7527	-0.5364	3	1
1233	1233	-0.9473	0.0723	2	6
1234	1234	-0.9063	-0.0289	2	137
1236	1236	-0.3465	-0.2365	4	1
1239	1239	-0.757	-0.0147	2	1
1240	1240	0.4788	0.0846	3	4
1241	1241	-0.6962	0.0352	2	19
1243	1243	-0.7237	-0.2863	2	16
1244	1244	0.8021	-0.5239	3	12
1247	1247	0.8096	-0.0979	3	1316
1249	1249	1.2124	0.2357	5	2
1250	1250	0.7673	-0.1129	3	3
1253	1253	-0.8646	-0.0178	2	1
1254	1254	-0.4963	0.5467	1	20
1255	1255	-0.9214	-0.0462	2	1
1256	1256	-0.9006	-0.163	2	5
1257	1257	-0.6364	0.1368	2	2
1258	1258	-0.392	-0.478	3	557
1259	1259	0.6678	0.2359	4	60
1260	1260	-1.0035	-0.1582	2	6
1261	1261	-0.6024	-0.2197	2	1
1262	1262	0.6169	-0.2857	3	1
1263	1263	0.8459	0.2364	5	264
1264	1264	0.7437	0.0233	3	2
1266	1266	0.7865	-0.3948	3	1
1267	1267	1.25	-0.2665	3	4
1270	1270	0.7517	0.5707	5	10
1271	1271	0.7785	-0.4168	3	1
1272	1272	0.1437	0.4856	1	4
1274	1274	0.1491	-0.653	3	2
1275	1275	0.6871	0.4053	5	17
1276	1276	-0.9486	-0.0559	2	118
1277	1277	-0.9591	-0.1422	2	1
1278	1278	0.7606	0.5894	5	22
1279	1279	-0.5825	0.4837	2	5
1083	1083	0.6398	0.4477	5	102
1084	1084	-0.3595	-0.0625	3	1
1086	1086	0.0097	-0.7179	3	2
1088	1088	-0.7755	-0.12	2	7
1089	1089	1.1994	0.2346	5	10
1090	1090	0.2371	-0.1306	4	1
1096	1096	-0.5055	0.5551	2	1
1097	1097	0.3908	-0.1208	4	4
1098	1098	0.6232	0.3971	4	52
1099	1099	0.5906	-0.5965	3	2
1100	1100	-0.9632	-0.1447	2	21
1101	1101	-0.1151	0.7505	1	33
1102	1102	0.5842	0.6269	5	5
1103	1103	0.7969	-0.3341	3	2
1104	1104	0.7166	0.4864	5	1
1105	1105	-0.8382	-0.1114	2	20
1106	1106	-0.6224	-0.3966	2	44
1107	1107	-0.7939	-0.0392	2	1
1108	1108	0.2367	-0.5421	3	2
1109	1109	0.521	-0.581	3	3
1113	1113	0.6289	-0.3681	3	38
1115	1115	-0.9894	-0.0036	2	2
1118	1118	-0.5733	-0.1791	2	5
1119	1119	0.9203	-0.3629	3	2
1120	1120	1.0309	-0.0603	5	111
1122	1122	-0.6704	-0.3347	2	3
1128	1128	0.5744	-0.558	3	19
1129	1129	0.9321	0.476	5	104
1130	1130	0.7803	-0.4026	3	9
1131	1131	-0.9317	-0.0636	2	18
1135	1135	0.7706	0.3389	5	5
1136	1136	0.6017	-0.5594	3	15
1137	1137	-0.5736	-0.1448	4	11
1138	1138	0.6953	0.4638	5	86
1139	1139	0.7024	0.5924	5	12
1140	1140	-0.9269	-0.1842	2	25
1142	1142	0.6264	-0.3988	3	1
1145	1145	0.5989	0.5657	5	55
1147	1147	0.8291	0.2833	5	44
1148	1148	0.8174	-0.4997	3	1
1150	1150	-0.0435	0.5302	1	2
1151	1151	-0.5176	-0.3166	2	14
1152	1152	0.0194	-0.3326	4	9
1155	1155	-0.8306	-0.1945	2	2
1157	1157	-0.8505	-0.1599	2	19
1165	1165	0.353	0.6544	5	143
1166	1166	0.6583	0.5782	5	9
1167	1167	1.0205	-0.3479	3	1
1168	1168	-0.7058	0.0403	2	2
1169	1169	0.3061	-0.0894	4	3
1172	1172	0.8754	-0.2726	3	10
1173	1173	-0.9054	-0.2271	2	1
1175	1175	0.4135	0.4319	5	31
1177	1177	-0.521	-0.3604	2	145
1178	1178	-0.1943	-0.1957	4	2
1180	1180	-0.6358	0.4129	2	1
1182	1182	0.8384	0.2685	3	2
1185	1185	0.6914	0.1807	3	308
1187	1187	0.7785	0.5705	5	1
995	995	0.7206	0.2861	5	11
996	996	-0.1502	0.8187	1	32
998	998	0.4067	0.0232	4	6
999	999	0.8011	-0.0731	3	2
1001	1001	0.0409	-0.5536	3	15
1003	1003	0.663	-0.4971	3	2
1006	1006	0.6441	0.631	5	8
1007	1007	-0.7022	0.3006	2	1
1010	1010	-0.8567	-0.1989	2	3
1011	1011	-0.8096	0.2094	2	24
1012	1012	-0.9416	-0.076	2	2
1013	1013	-0.795	-0.198	2	10
1014	1014	0.7423	0.5609	5	1
1015	1015	-0.5515	0.5261	2	272
1016	1016	0.544	0.5529	5	2
1018	1018	-0.1954	-0.1195	4	2
1019	1019	-0.4988	-0.2384	2	18
1020	1020	0.7067	-0.0331	5	2
1021	1021	-0.5996	0.2898	2	1
1023	1023	0.1172	0.0319	2	2
1025	1025	0.9468	-0.3913	3	113
1027	1027	0.7333	0.1033	3	3
1028	1028	0.7355	0.5974	5	6
1031	1031	0.485	-0.0784	4	6
1033	1033	0.9569	0.0914	5	7
1035	1035	1.1866	0.2191	5	58
1037	1037	-0.5842	-0.2257	4	10
1038	1038	-0.6541	-0.1942	2	2
1040	1040	0.5073	-0.4989	3	16
1041	1041	-0.9351	-0.1122	2	4
1042	1042	-0.045	-0.4801	3	1
1045	1045	0.1878	0.6704	1	29
1048	1048	-0.8	0.0336	2	1
1051	1051	-0.0614	-0.2681	4	10
1052	1052	-0.8605	-0.0708	2	2
1053	1053	-0.7793	-0.1291	2	3
1055	1055	-0.1657	0.7697	1	7
1057	1057	0.9575	0.0911	5	2
1058	1058	-0.7379	-0.0181	2	64
1059	1059	-0.1773	0.8538	1	2
1061	1061	0.1773	0.5874	1	33
1062	1062	-0.866	0.1739	2	1
1063	1063	0.7507	-0.4535	3	4
1064	1064	0.7341	-0.4224	3	12
1068	1068	-0.8835	-0.0869	2	9
1069	1069	-0.3559	-0.2666	2	32
1070	1070	0.5682	-0.5538	3	2
1071	1071	0.0716	-0.4659	3	1
1073	1073	-0.5422	0.4795	2	69
1074	1074	0.6431	-0.269	3	2
1075	1075	0.0468	0.5952	2	32
1076	1076	-0.1707	0.845	1	2
1077	1077	-0.9695	-0.1437	2	308
1078	1078	-0.8653	-0.1417	2	8
1079	1079	0.9338	0.3687	5	1
1080	1080	0.6503	0.6381	5	2
1091	1091	1.2113	0.2325	5	12
889	889	-0.8463	-0.137	2	20
890	890	0.9128	-0.0633	5	1
891	891	0.3427	0.1417	4	143
892	892	-0.6529	-0.0254	2	1
898	898	-0.2302	0.8813	1	6
902	902	0.0249	-0.7221	3	2
903	903	-0.8117	-0.2442	2	8
904	904	1.1871	0.2346	5	2
905	905	0.3088	0.051	4	20
906	906	0.6613	0.4119	5	19
907	907	0.2934	-0.6468	3	4
909	909	-0.8236	-0.2199	2	2
910	910	0.4973	-0.5607	3	59
911	911	-0.098	0.7602	1	130
912	912	0.9906	0.0148	5	1
913	913	0.8167	0.4603	5	30
914	914	0.8449	-0.461	5	1
915	915	-0.1108	-0.1132	4	9
916	916	-0.6775	0.3317	2	93
917	917	-0.3702	0.6864	1	2
918	918	0.274	-0.6029	3	1
921	921	-0.7846	0.0547	2	137
922	922	-0.7647	0.0339	2	5
923	923	-0.7293	0.2563	2	89
924	924	-0.9356	0.001	2	56
926	926	0.5935	-0.4735	3	1
929	929	-0.8042	-0.233	2	1
930	930	-0.8622	-0.1927	2	9
934	934	0.0607	-0.2398	4	15
938	938	-0.2365	-0.4544	2	1
939	939	0.3918	-0.4515	3	2
940	940	0.4022	-0.4354	3	1
941	941	-0.9277	0.0048	2	1
942	942	-0.665	-0.0067	2	731
943	943	-0.9212	0.0069	2	4
945	945	0.7628	-0.3643	3	7
947	947	0.9795	-0.3519	3	1
949	949	0.4944	-0.5263	3	2
951	951	-0.6485	0.2369	2	5
952	952	-0.6244	-0.2302	4	4
954	954	-0.8582	-0.0003	2	29
955	955	-0.36	-0.3247	4	3
956	956	-0.8583	-0.1173	2	10
958	958	-0.0078	0.7722	1	9
959	959	0.4608	-0.5284	3	127
960	960	0.25	-0.0149	4	3
961	961	-0.6219	0.4531	2	22
962	962	-0.8804	-0.2108	2	1
965	965	-0.6862	-0.0828	2	4
966	966	-0.1953	-0.1248	4	14
967	967	-0.793	-0.1308	2	2
968	968	1.2444	-0.2592	3	51
976	976	0.2485	-0.2344	4	6
978	978	-0.2229	-0.1402	4	5
979	979	-0.8299	0.0066	2	1
981	981	0.6364	0.3591	5	157
982	982	-0.1607	-0.2132	4	2
983	983	0.7632	0.5457	5	7
986	986	-0.8762	-0.1611	2	12
988	988	0.7907	-0.3856	3	3
991	991	-0.329	0.6902	1	3
796	796	-0.3196	-0.3064	4	3
798	798	-0.6102	0.2667	2	1
799	799	0.9101	-0.5096	3	20
800	800	-0.9721	-0.1067	2	7
803	803	-0.6524	0.2429	2	1
804	804	-0.0595	-0.4019	4	79
805	805	-0.7991	-0.1491	2	5
807	807	0.4999	-0.2695	3	2
810	810	-0.8007	-0.181	2	2
811	811	1.2136	0.2409	5	96
812	812	0.5353	-0.1837	3	1
813	813	-0.4147	0.6016	1	2
815	815	-0.8611	-0.2117	2	45
816	816	0.5806	0.5367	5	1
819	819	1.238	-0.259	3	1
821	821	0.6773	-0.2575	3	49
823	823	-0.0634	-0.1278	4	11
825	825	-0.0195	0.7725	1	37
826	826	-0.6166	0.4415	2	13
827	827	-0.8919	-0.0618	2	86
828	828	-0.6208	0.1811	2	5
829	829	-0.3414	-0.4096	4	11
830	830	0.2934	-0.65	3	1
831	831	0.6761	0.6251	5	10
832	832	-0.9005	0.005	2	1
834	834	0.9058	-0.4226	3	11
835	835	-0.3118	-0.1635	4	1
838	838	0.6133	-0.0745	3	2
839	839	0.026	-0.3668	3	166
841	841	-0.8008	-0.2381	2	2
842	842	-0.3344	-0.1567	2	1
844	844	-0.8361	0.0318	2	6
845	845	-0.36	-0.3163	4	3
847	847	0.0941	0.0012	4	6
848	848	-0.5852	0.4182	2	146
849	849	-0.7482	-0.0562	2	74
852	852	0.7973	-0.3594	3	27
854	854	-0.0275	0.7724	1	1
856	856	-0.944	0.0083	2	174
857	857	-0.9204	-0.0043	2	625
858	858	-0.9021	0.0845	2	5
860	860	-0.8016	0.1223	2	1
861	861	-0.2421	0.9036	1	61
862	862	0.7646	-0.52	3	66
863	863	0.8329	0.2755	5	3
864	864	-0.7445	-0.1908	2	1
865	865	-0.7261	-0.2572	2	156
867	867	0.3899	-0.1201	4	9
868	868	0.803	-0.2639	3	20
871	871	0.5765	0.3645	5	36
872	872	0.2763	-0.5029	3	4
873	873	-0.4921	-0.3041	4	2
874	874	0.2629	-0.2169	3	2
875	875	-0.8015	-0.2029	2	99
876	876	0.727	0.4849	5	1
878	878	-0.9102	-0.0011	2	33
880	880	0.6548	0.4502	5	121
883	883	0.3548	-0.201	3	1
899	899	-0.8472	-0.1981	2	14
900	900	-0.8952	0.1415	2	3
690	690	-0.9747	-0.1172	2	1
692	692	0.9429	-0.0448	5	3
693	693	1.2555	-0.2649	3	4
694	694	0.7794	0.5559	5	1
702	702	0.9355	-0.4721	3	3
705	705	0.6696	0.4238	5	19
706	706	0.2484	-0.0792	4	12
707	707	0.6471	0.4528	5	9
709	709	0.0219	-0.7221	3	2
710	710	0.6134	-0.4924	3	7
711	711	0.4279	-0.6279	3	5
712	712	-0.4367	-0.3601	2	10
716	716	-0.8878	-0.1377	2	6
717	717	0.7675	-0.2625	3	2
718	718	1.2016	-0.2525	3	5
719	719	-0.8456	-0.1236	2	7
721	721	-0.5097	0.5657	1	279
723	723	-0.8356	-0.2149	2	12
724	724	0.8308	0.2482	5	1
725	725	0.6758	-0.5124	3	1
726	726	-0.0519	-0.2563	4	4
727	727	1.212	0.237	5	76
728	728	-1.0097	-0.1652	2	1
729	729	0.7793	-0.5082	3	2
730	730	0.5705	-0.5564	3	1
731	731	-0.5405	-0.3357	2	19
733	733	-0.5587	-0.3147	2	6
734	734	-0.5142	-0.2721	2	1059
735	735	0.6077	0.4849	5	7
738	738	-0.1791	0.8538	1	89
741	741	0.5241	-0.5319	3	5
743	743	0.3095	-0.0376	4	3
745	745	0.8508	-0.1854	3	1
748	748	0.7659	-0.1193	3	6
752	752	-0.0818	-0.3139	4	28
753	753	0.4856	-0.4753	3	1
754	754	-0.5577	0.5212	2	3
755	755	0.298	0.0286	4	6
760	760	-0.5226	-0.2505	4	173
761	761	-0.2334	0.9013	1	9
763	763	0.7188	-0.4675	3	1
764	764	-0.1975	-0.1521	4	1
765	765	0.3231	-0.0068	4	417
767	767	0.8089	0.563	5	26
769	769	0.6987	-0.2556	3	1
770	770	-0.8675	0.1833	2	1
771	771	0.9966	-0.245	5	17
772	772	-0.6128	-0.3835	2	635
774	774	0.8736	-0.4808	3	32
775	775	0.9862	-0.3103	3	4
776	776	0.8485	0.5356	5	21
777	777	-0.6384	0.3829	2	1
778	778	-0.8196	0.0163	2	64
780	780	-0.9443	0.0089	2	8
784	784	1.0301	-0.0596	5	40
785	785	-0.0537	-0.3326	4	40
787	787	0.6605	-0.5912	3	1
788	788	0.2797	-0.5498	3	69
789	789	-0.383	-0.2536	2	2
790	790	-0.2387	-0.1418	4	9
791	791	-0.456	-0.3735	4	1
793	793	-0.5585	0.4716	2	1
795	795	0.3451	-0.3831	3	7
595	595	-0.4032	-0.359	4	38
597	597	-0.9396	-0.0758	2	38
598	598	-0.9469	-0.1583	2	6
599	599	0.3007	0.0064	4	112
601	601	-0.1905	0.8416	1	4
602	602	-0.6123	0.4551	2	72
603	603	0.3218	-0.5633	3	1
606	606	0.7785	-0.3819	3	2
607	607	-0.3008	0.0059	4	1
609	609	0.8195	-0.4772	3	32
610	610	-0.6265	-0.2605	2	104
611	611	-0.775	-0.2092	2	1
613	613	-0.8371	-0.2395	2	2
614	614	-0.361	0.6334	1	3
615	615	0.8507	0.2247	5	1
616	616	-0.0593	-0.3504	4	6
617	617	-0.0408	-0.3239	3	5
620	620	-0.0573	-0.3423	4	30
622	622	-0.5059	0.5772	1	63
623	623	-0.7673	-0.2072	2	112
624	624	1.0273	0.1059	5	2
626	626	0.3155	-0.0008	4	124
627	627	0.0105	-0.1601	4	6
628	628	-0.2431	-0.1511	4	39
630	630	0.7955	-0.4769	3	20
632	632	-0.3571	0.5705	1	1
634	634	-0.5038	-0.3724	2	5
636	636	0.7711	-0.5556	3	8
637	637	0.0433	0.7427	5	13
638	638	-0.5766	-0.2928	2	4
639	639	-0.7239	-0.0806	2	292
640	640	0.7905	0.2461	5	4
642	642	-0.9555	-0.1365	2	9
645	645	-0.3061	-0.3002	4	13
646	646	-0.7837	-0.2037	2	42
647	647	0.8156	-0.097	3	9
651	651	0.0031	-0.1565	4	1292
652	652	-0.3627	0.6412	1	1
657	657	-0.0896	-0.4408	3	1
658	658	0.2694	-0.6502	3	18
662	662	1.0247	-0.3337	3	141
663	663	-0.9399	-0.1319	2	2
664	664	-0.7937	-0.1722	2	2
666	666	0.6493	-0.4091	3	2
667	667	-0.4167	0.6378	1	1
670	670	0.7848	-0.1954	5	11
671	671	0.8472	0.5354	5	4
672	672	0.6691	0.3051	5	4
674	674	1.2098	0.2363	5	13
676	676	0.6797	0.4161	5	30
677	677	-0.6037	-0.2705	2	54
679	679	0.7664	0.2449	3	15
681	681	-0.854	-0.1804	2	3
682	682	0.8434	-0.4805	3	9
683	683	-0.0245	0.4537	5	1
684	684	1.2439	-0.2601	3	39
685	685	-0.0189	-0.6727	3	4
686	686	-0.5585	-0.1958	4	1
688	688	0.6939	-0.2424	3	5
695	695	-0.1809	-0.1365	4	72
697	697	-0.3376	0.6305	1	60
698	698	-0.452	0.001	2	5
699	699	-0.6737	-0.1522	2	11
503	503	-0.2154	0.8885	1	2
506	506	0.3945	-0.1137	4	1
507	507	0.6983	-0.2537	3	3
510	510	-0.6047	-0.3631	2	2
513	513	-0.5337	0.4631	2	5
515	515	-0.6564	-0.186	2	22
516	516	-0.9035	-0.0007	2	9
518	518	-0.5732	-0.2555	4	26
521	521	0.6358	0.4237	5	2
522	522	-0.7306	-0.2474	2	1
525	525	0.781	-0.3954	3	154
526	526	0.5414	-0.2072	4	1
527	527	0.4161	-0.4405	3	2
528	528	-0.6712	-0.1752	2	1
529	529	0.8223	0.4484	5	3
530	530	-0.0564	-0.2429	4	893
531	531	-0.7742	0.0613	2	2
532	532	-0.7915	-0.1126	2	40
534	534	-0.9612	-0.1395	2	139
535	535	-0.8809	-0.0384	2	1
537	537	0.5832	0.4842	5	2
544	544	-0.326	-0.182	4	10
546	546	0.2828	-0.6299	3	2
547	547	0.6423	0.4007	5	5
549	549	-0.5059	-0.2125	2	1
550	550	1.1564	0.2054	5	5
551	551	-0.9649	-0.1374	2	14
552	552	0.5866	0.5177	5	8
554	554	0.6471	-0.5438	3	5
555	555	-0.2716	-0.451	3	1
556	556	-0.2087	0.8722	1	185
557	557	-0.5574	0.4898	2	38
558	558	-0.7037	-0.1887	2	8
559	559	-0.8202	-0.2264	2	3
560	560	-0.616	0.3357	2	54
561	561	-0.8526	-0.1936	2	1
562	562	-0.6014	-0.2202	2	2
563	563	-0.8359	-0.0355	2	2
564	564	1.2391	-0.2592	3	4
567	567	0.2343	-0.6883	3	3
568	568	-0.7463	0.2464	2	2
569	569	0.7871	-0.5092	3	2
570	570	-0.7632	-0.1636	2	7
572	572	-0.2592	0.8404	1	1
573	573	1.2424	-0.2591	3	5
574	574	-0.4062	-0.0434	2	1
575	575	-0.4471	-0.4218	3	37
577	577	-0.8564	0.0113	2	8
578	578	-0.3821	0.6672	1	258
579	579	-0.5261	0.5173	1	9
581	581	0.3361	-0.0656	4	1
582	582	0.2378	0.6275	1	2
583	583	0.7872	-0.396	3	1
585	585	-0.202	0.7801	1	284
586	586	0.7545	0.5453	5	13
587	587	-0.0279	0.7714	1	5
588	588	0.8558	0.2169	5	17
592	592	0.8346	-0.0631	5	5
593	593	-0.0729	0.5938	1	290
594	594	-0.5693	0.4919	2	14
398	398	0.2892	-0.0283	4	1
400	400	-0.7941	-0.0741	2	7
401	401	0.7929	-0.5543	3	7
403	403	0.751	-0.4552	3	8
411	411	0.7851	-0.438	3	1
412	412	0.8885	-0.5032	3	2902
413	413	-0.4573	-0.3393	3	27
414	414	-0.3209	-0.0429	3	5
419	419	0.8578	0.2202	5	3
420	420	-0.179	-0.1228	4	1
421	421	0.0088	0.7653	1	3
422	422	0.0675	0.4825	4	11
423	423	-0.9418	-0.1649	2	1
425	425	0.7666	0.5719	5	8
426	426	0.885	-0.514	3	104
428	428	-0.4658	0.2987	2	1
429	429	0.0235	-0.72	3	178
430	430	-0.8893	0.0712	2	11
431	431	-0.8102	-0.2366	2	1
432	432	-0.5409	0.4953	2	1
433	433	-0.7411	-0.0388	2	2
435	435	-0.7371	-0.2034	2	6
436	436	0.6551	-0.1268	3	8
438	438	0.5402	-0.5383	3	135
439	439	-0.8314	-0.2077	2	2
440	440	0.3564	-0.4857	3	2
441	441	-0.9759	-0.0838	2	4
443	443	0.5113	-0.5346	3	1
444	444	0.79	-0.1547	3	4
445	445	-0.8702	-0.0657	2	1
446	446	-0.6654	-0.1431	2	4
447	447	-0.5576	-0.239	4	13
448	448	1.2403	-0.259	3	36
449	449	0.9459	-0.419	3	9
450	450	0.3581	-0.5266	3	21
451	451	0.7133	0.3782	5	27
452	452	1.2127	0.2365	5	16
453	453	0.7842	-0.3967	3	4
454	454	0.7361	-0.1736	3	1
456	456	-0.9528	-0.0859	2	1
457	457	-0.7287	0.0179	2	2
458	458	0.6732	-0.2794	3	116
459	459	-0.1994	-0.1283	4	9
461	461	-0.7987	-0.1734	2	2
462	462	0.3269	-0.0741	4	2
463	463	0.6038	-0.0812	4	4
464	464	-0.5682	-0.2844	2	1
467	467	0.9187	-0.4214	3	37
468	468	-0.8546	-0.0215	2	7
469	469	-0.8353	-0.1071	2	10
470	470	0.9911	0.0136	5	20
471	471	0.6997	0.4111	5	2
472	472	-0.2553	-0.1632	4	36
473	473	0.7155	0.5867	5	4
475	475	0.65	-0.1701	3	11
476	476	-0.1287	0.6261	1	15
477	477	0.1311	0.6262	1	1
479	479	-0.1191	-0.2267	4	235
480	480	-0.1497	-0.3346	4	1
481	481	0.5308	0.62	5	99
482	482	-0.8148	0.0115	2	34
483	483	0.6815	-0.1121	3	15
484	484	-0.8595	0.0793	2	106
485	485	-0.8451	-0.1136	2	22
486	486	0.7866	-0.4061	3	26
487	487	-0.6231	-0.2532	2	9
488	488	0.482	-0.5021	3	1
491	491	0.1249	-0.512	3	1
492	492	-0.6221	-0.2528	2	4
493	493	-0.3298	-0.1481	2	209
494	494	0.7001	-0.5731	3	19
495	495	0.7284	0.5947	5	33
496	496	-0.8681	-0.0769	2	129
501	501	-0.2698	-0.2204	4	154
502	502	0.007	-0.7162	3	23
306	306	-0.9367	0.052	2	1
308	308	-0.8183	-0.0893	2	105
312	312	0.8454	-0.463	5	3
313	313	0.0752	-0.3164	4	107
316	316	-0.2638	-0.1911	4	86
317	317	-0.5969	0.4552	2	125
318	318	-0.369	0.5996	1	1
319	319	0.1779	0.5059	1	3
321	321	0.0719	0.7324	1	53
323	323	-0.7463	-0.2043	2	788
324	324	-0.6715	-0.1597	4	1
325	325	-0.9443	-0.1806	2	1
328	328	0.7181	0.4903	5	29
330	330	0.7737	0.575	5	1
331	331	0.8596	0.2183	5	1
332	332	0.4669	0.42	5	6
335	335	0.6104	0.4947	5	3
336	336	-0.8655	0.1773	2	8
337	337	0.9604	-0.3448	3	465
338	338	-0.8172	0.0462	2	20
340	340	0.6581	-0.2788	3	203
341	341	-0.9009	-0.0704	2	195
342	342	-0.6312	-0.0225	2	1
344	344	-0.8214	-0.1679	2	3
347	347	-0.3398	0.6445	1	1
348	348	0.8313	0.2809	5	1750
349	349	-0.8518	-0.1368	2	8
350	350	0.553	-0.4461	3	303
351	351	0.9473	-0.4192	3	1
352	352	-0.5919	-0.3788	4	1909
353	353	-0.2941	-0.2794	4	5
355	355	0.8603	-0.486	3	283
357	357	0.7608	-0.5297	3	1
358	358	0.7093	0.6098	5	1
359	359	0.1489	-0.6583	3	84
360	360	-0.8191	-0.182	2	240
362	362	1.2513	-0.2631	3	1
363	363	-0.1424	0.7863	1	32
364	364	0.7863	-0.0724	3	4
366	366	-0.5697	0.4582	2	171
367	367	-0.7928	-0.2273	2	1
368	368	-0.7925	-0.2207	2	2
369	369	0.5129	-0.5347	3	2
371	371	-0.4145	-0.2783	4	2
372	372	0.0639	-0.2107	4	1
373	373	0.2353	-0.6311	3	5
375	375	-0.9079	0.0072	2	15
376	376	-0.2536	0.8772	1	8
377	377	-0.1813	-0.1583	4	488
379	379	0.896	-0.4747	3	3
380	380	0.8125	-0.4372	3	4
381	381	1.2542	-0.2651	3	175
385	385	0.8042	-0.3874	3	7
386	386	0.0517	0.754	1	9
388	388	0.7317	0.5796	5	6
389	389	-0.1722	-0.1535	4	3
391	391	0.0202	-0.7216	3	1
392	392	-0.9392	-0.178	2	5
393	393	0.7885	-0.395	3	71
394	394	0.848	0.5326	5	1
395	395	-0.4887	-0.3778	2	13
396	396	-0.864	0.1703	2	3
397	397	-0.9179	0.0066	2	3
405	405	-0.4985	-0.0822	5	3
408	408	0.4495	-0.611	3	221
203	203	0.774	-0.4718	3	11
204	204	0.2993	0.0291	4	27
205	205	-0.5714	0.4679	2	90
206	206	-0.5472	0.4812	2	20
208	208	-0.6618	0.2544	2	2016
209	209	-0.8857	-0.2112	2	2
211	211	-0.3947	0.5572	2	11
218	218	-0.9519	-0.1537	2	34
220	220	-0.8194	-0.0898	2	110
222	222	-0.3577	-0.3257	4	10
223	223	-0.936	-0.1638	2	1
224	224	-0.6035	0.459	2	1
225	225	-0.9121	0.0079	2	105
226	226	-0.8947	-0.0028	2	15
227	227	-0.2016	0.7947	1	162
228	228	0.3266	0.0225	4	1
229	229	-0.067	0.7459	1	80
230	230	0.7461	0.5879	5	76
231	231	-0.017	-0.5146	3	69
232	232	-0.7734	-0.2038	2	114
233	233	0.3452	-0.3491	3	31
234	234	-0.126	0.8143	1	3
235	235	0.6316	-0.5565	3	7
236	236	0.78	-0.5482	3	49
240	240	1.1252	0.1747	5	1
241	241	-0.8916	-0.2225	2	9
243	243	-0.3594	-0.3161	4	2
244	244	-0.8296	-0.1827	2	3
245	245	-0.9085	-0.0553	2	386
246	246	-0.6508	0.3962	2	4
248	248	-0.5235	0.5095	2	174
249	249	0.0217	0.7403	1	1
250	250	-0.739	-0.0106	2	1
251	251	0.4498	-0.5513	3	2
252	252	-0.5705	0.4577	2	1882
253	253	-0.2121	0.8767	1	16
256	256	0.8579	0.2214	5	204
259	259	-0.9831	-0.0812	2	29
261	261	-0.9414	-0.1579	2	4
263	263	-0.8078	-0.2444	2	2
264	264	0.7062	-0.0385	4	30
265	265	-0.5414	-0.2726	4	4
266	266	-0.7095	-0.2434	2	2
267	267	0.046	0.7721	1	23
268	268	-0.7215	-0.2332	2	111
270	270	-0.531	0.5263	2	3
271	271	0.6036	-0.5591	3	53
273	273	-0.8347	0.0769	2	6
274	274	0.871	-0.5339	3	109
275	275	-0.6691	0.2906	2	51
277	277	0.6748	-0.4197	3	4
278	278	0.2727	-0.5024	3	16
280	280	0.7793	-0.4245	3	3
281	281	0.7941	0.1631	5	71
282	282	0.857	0.2099	5	230
283	283	1.2534	-0.2666	3	42
284	284	-0.9045	0.0822	2	18
286	286	-0.1035	-0.4081	3	24
288	288	-0.8612	0.1628	2	3
290	290	-0.8467	-0.1435	2	236
292	292	-0.0664	0.7906	1	1
293	293	-0.7456	-0.2255	2	1
294	294	0.5646	0.6327	5	4
296	296	0.6613	-0.5555	3	51
297	297	-0.6598	-0.2288	2	3
298	298	0.6329	-0.1348	3	5
299	299	0.9618	-0.3556	3	573
301	301	1.1835	0.1904	5	140
305	305	-0.8782	0.1764	2	9
108	108	0.1423	-0.4112	3	1
110	110	-0.8302	0.0287	2	23
112	112	0.5923	-0.5576	3	5
113	113	-0.1784	0.855	1	131
114	114	0.7806	-0.5093	3	97
115	115	-0.373	-0.3652	4	27
116	116	-0.0395	0.7429	1	15
117	117	0.3143	0.0128	4	4
120	120	0.3806	-0.4685	3	2
121	121	-0.2262	-0.1192	4	48
122	122	0.9475	-0.4203	3	67
123	123	-0.3163	0.7234	1	15
124	124	-0.8384	-0.1012	2	48
125	125	-0.7872	0.1482	2	30
126	126	0.935	-0.3421	3	11
127	127	0.6682	-0.2074	3	1
128	128	-0.9289	-0.1363	2	363
130	130	-0.3785	-0.3221	4	8
131	131	0.024	-0.7206	3	1
132	132	0.7809	-0.2832	3	14
135	135	0.8007	-0.1405	3	24
136	136	-0.6191	-0.2169	2	8
137	137	0.6899	-0.4242	3	45
138	138	-0.1328	-0.2834	4	1
139	139	-0.8808	-0.0469	2	3
140	140	0.3619	-0.5513	3	13
141	141	-0.8174	-0.021	2	1
143	143	-0.9183	-0.0852	2	3
145	145	0.7015	0.598	5	1
146	146	-0.9085	0.0008	2	42
147	147	-0.9243	-0.1405	2	22
148	148	-0.9089	0.0019	2	1
149	149	-0.8948	-0.1482	2	2
150	150	-0.7975	-0.1819	2	102
152	152	-0.7738	-0.1696	2	80
153	153	-0.2667	0.7926	1	6
154	154	-0.8394	-0.1286	2	5
156	156	0.4911	-0.4494	3	3327
157	157	-0.5574	0.5176	2	1
158	158	-0.902	-0.2036	2	161
162	162	0.6881	0.4053	5	5
164	164	1.2486	-0.2524	3	8
165	165	-0.3412	-0.3154	4	2
166	166	-0.7713	-0.1828	2	2
167	167	-0.5262	0.502	2	2
168	168	0.9905	-0.1912	3	1
169	169	1.2426	-0.2583	3	1
170	170	0.6154	-0.5662	3	2
171	171	-0.5527	-0.2825	2	1
172	172	0.7539	0.4718	5	167
174	174	0.5239	-0.5618	3	4
176	176	-0.8849	0.0516	2	2
178	178	1.0316	-0.0605	5	447
181	181	-0.9211	-0.1799	2	159
183	183	-0.752	-0.0777	2	3
184	184	-0.5163	-0.2826	4	237
185	185	-0.3632	-0.3153	4	4
189	189	0.9562	-0.359	3	2
190	190	-0.6494	-0.0118	2	1
191	191	0.3902	-0.1235	4	15
193	193	-0.5506	0.4925	2	27
194	194	0.6831	-0.566	3	5
195	195	0.8329	-0.5067	3	1
196	196	-0.8853	-0.1892	2	12
197	197	-0.2606	0.7394	1	2
198	198	-0.7332	0.1462	2	15
199	199	-0.1813	-0.4684	3	4
201	201	-0.935	-0.0071	2	232
212	212	-0.1861	-0.1362	4	16
213	213	1.2549	-0.2652	3	3
214	214	-0.182	-0.2143	4	2
215	215	-0.3425	0.6324	1	39
0	0	-0.7941	-0.1434	2	212
1	1	0.3896	-0.1234	4	3
2	2	0.0174	-0.7186	3	49
3	3	-0.7155	-0.2076	2	2
4	4	0.6618	-0.4998	3	1
5	5	0.3134	-0.008	4	356
14	14	0.0436	0.756	1	3614
15	15	1.2375	-0.2718	3	20
17	17	-0.581	0.3992	2	712
18	18	-0.7595	-0.1782	2	3
19	19	0.3292	-0.4732	3	1437
20	20	0.875	-0.4801	3	2
21	21	1.2421	-0.2581	3	15
22	22	0.705	-0.5574	3	8
24	24	-0.1697	0.8403	1	63
25	25	-0.7703	-0.1795	2	185
26	26	0.8981	-0.5179	3	1
27	27	0.8414	0.5416	5	2
28	28	-0.6843	-0.1651	2	394
30	30	0.9223	-0.4044	3	1
32	32	0.0536	0.7325	1	1
33	33	0.7812	0.5589	5	2
34	34	-0.2208	-0.1287	4	1
39	39	-0.2742	-0.1955	4	2
40	40	0.6214	-0.551	3	17
41	41	0.2306	-0.6859	3	203
44	44	1.2526	-0.2627	3	102
45	45	-0.6529	-0.2548	2	2
47	47	0.3154	0.0202	4	15
48	48	0.6493	0.4479	5	3
50	50	0.4617	-0.0895	4	2143
51	51	0.6813	-0.5389	3	1
52	52	0.6144	-0.5614	3	14
54	54	-0.8273	-0.022	2	1
55	55	0.0078	0.7656	1	3
56	56	0.217	-0.0553	4	2
57	57	-0.9149	-0.1604	2	70
58	58	-0.2642	-0.1814	4	13
61	61	-0.8196	-0.0734	2	8
62	62	-0.8353	-0.0647	2	96
63	63	-0.487	-0.2136	4	3
64	64	-0.6137	-0.2338	2	5
66	66	-0.2604	-0.1819	4	1428
67	67	-0.8019	0.0223	2	2
69	69	-0.1866	-0.2699	4	5
70	70	0.648	0.4504	5	1
71	71	0.5051	-0.5238	3	291
72	72	-0.1735	0.8423	1	275
73	73	0.2576	0.0575	4	22
74	74	-0.3464	0.5432	2	1
75	75	-0.6245	-0.0229	2	126
78	78	-0.7561	0.2026	2	512
79	79	0.8634	0.2089	5	1
80	80	-0.5564	0.4388	2	14
82	82	-0.5019	-0.3044	2	3
83	83	0.6427	-0.5631	3	4
84	84	1.0257	-0.3338	3	17
87	87	-0.1647	-0.1417	4	5339
88	88	0.5046	0.5356	5	5
90	90	-0.5813	-0.2485	2	2
91	91	0.4886	-0.3976	3	262
95	95	0.7204	-0.5468	3	7
96	96	0.4894	-0.5512	3	1
97	97	0.3213	-0.4716	3	118
98	98	-0.8035	-0.239	2	389
101	101	-0.8863	-0.1494	2	3
102	102	-0.3538	-0.312	4	13
103	103	1.2351	-0.2586	3	3
104	104	1.0234	-0.3504	3	11
105	105	0.7054	-0.5382	3	449
107	107	0.8539	0.2568	3	127
6	6	0.6773	-0.5092	3	511
7	7	0.3382	-0.6328	3	9
8	8	0.5269	-0.5983	3	63
9	9	0.3238	-0.6418	3	1
10	10	0.6935	-0.5009	3	1
11	11	-0.8493	-0.2022	2	636
12	12	0.6135	-0.5599	3	4
13	13	-0.8374	-0.2054	2	34