id	label	x	y	cluster	weight
1878	1878	-0.8871	0.0387	2	4
1288	1288	0.765	-0.1196	3	1
1289	1289	-0.7918	0.0806	2	7
3993	3993	-0.0566	0.7981	1	1
4004	4004	-0.1495	0.8291	1	3
3927	3927	0.7959	-0.5616	3	1
3954	3954	-0.6461	-0.4102	2	1
3748	3748	-0.6306	0.4739	2	1
3769	3769	-0.2334	0.848	1	1
3822	3822	0.677	0.4779	5	1
3662	3662	-0.225	0.8782	1	1
3665	3665	-0.8263	-0.3406	2	1
3688	3688	0.0026	-0.7256	3	1
3728	3728	-0.3927	0.5853	1	2
3573	3573	0.8651	-0.5053	3	26
3580	3580	-0.4556	-0.3556	4	2
3591	3591	0.674	0.3893	3	3
3594	3594	-0.6295	-0.3796	4	1
3618	3618	-0.5709	-0.3525	4	1
3623	3623	-1.0317	-0.1696	2	1
3472	3472	-0.564	-0.4051	4	2
3481	3481	0.0219	-0.4058	4	1
3485	3485	0.879	-0.4943	3	3
3500	3500	-1.0356	-0.0523	2	1
3504	3504	0.4127	-0.0272	4	1
3505	3505	-0.6737	-0.3873	2	1
3371	3371	-0.2287	0.9177	1	2
3396	3396	0.5775	0.6185	5	3
3414	3414	0.8561	0.5348	5	1
3308	3308	-0.5989	0.4587	2	1
3323	3323	1.1556	0.2109	5	1
3327	3327	0.8323	0.1904	5	1
3339	3339	0.7275	-0.3043	3	1
3341	3341	0.1027	-0.7182	3	1
3178	3178	0.2526	0.6187	3	1
3207	3207	0.444	0.4232	5	2
3212	3212	0.4303	0.5544	1	2
3214	3214	-0.3557	-0.3139	4	2
3220	3220	-0.1472	0.7898	1	3
3235	3235	0.8495	0.2136	5	1
3251	3251	0.7898	0.457	5	1
3073	3073	-0.2964	-0.4588	3	1
3076	3076	-0.3529	0.7068	1	3
3082	3082	-0.6337	-0.4247	2	1
3104	3104	0.7782	-0.5617	3	4
3106	3106	0.231	0.3058	4	1
3109	3109	-0.957	-0.1401	2	1
3114	3114	0.5475	-0.5138	3	1
3115	3115	0.6627	-0.5563	3	4
3123	3123	-1.0243	-0.161	2	1
3147	3147	-0.2088	0.8756	1	1
3148	3148	1.1747	0.1947	5	1
2960	2960	0.3818	-0.4686	3	1
3001	3001	0.5881	0.6499	5	1
3005	3005	0.4322	-0.4575	3	1
3006	3006	0.4431	-0.4753	3	1
3022	3022	0.8184	0.5232	5	1
3045	3045	-0.9346	0.0132	2	2
3049	3049	-0.0673	-0.1149	4	5
3059	3059	-0.8711	-0.0087	2	1
3062	3062	-0.7235	-0.3615	2	4
3064	3064	-0.7801	-0.1828	2	2
2870	2870	-0.6666	-0.3773	2	1
2882	2882	0.6351	0.4904	5	2
2887	2887	0.6611	-0.552	3	1
2899	2899	0.8303	0.2685	5	1
2910	2910	0.0755	-0.5678	3	1
2914	2914	-0.5064	-0.1941	4	4
2933	2933	-0.2131	-0.2644	4	12
2935	2935	0.7054	0.6155	5	1
2968	2968	-0.6557	-0.2492	2	1
2774	2774	0.8766	-0.5365	3	1
2778	2778	-0.8105	-0.0613	2	1
2787	2787	-0.5585	0.4992	2	1
2788	2788	0.7485	-0.141	3	1
2791	2791	0.7981	-0.2177	3	1
2800	2800	0.1708	0.52	5	2
2802	2802	-0.2075	0.8812	1	1
2806	2806	0.5712	0.5068	3	2
2821	2821	-0.5904	0.3528	2	2
2822	2822	-0.6241	-0.2124	4	1
2830	2830	0.0065	0.7693	1	1
2849	2849	-0.8343	-0.2444	2	3
2855	2855	-0.0396	0.7626	1	2
2670	2670	0.479	-0.3308	4	4
2685	2685	-1.0311	-0.0736	2	1
2689	2689	1.2566	-0.2634	3	1
2694	2694	0.8202	0.47	5	1
2698	2698	-0.9887	-0.0053	2	1
2719	2719	0.956	0.0905	5	1
2721	2721	-0.5846	-0.3293	2	16
2725	2725	-0.7856	0.1248	2	22
2727	2727	-0.2892	0.77	1	1
2743	2743	0.9495	-0.4179	3	8
2745	2745	-0.7956	-0.1757	2	2
2751	2751	0.3898	-0.1227	4	1
2752	2752	-0.2821	0.7404	1	2
2766	2766	-0.7188	-0.3524	2	1
2583	2583	0.8541	-0.2926	5	1
2585	2585	-0.9477	0.0358	2	1
2592	2592	-0.3153	0.7456	1	1
2610	2610	0.9962	-0.0162	5	1
2612	2612	-0.1067	0.6929	1	2
2619	2619	-0.7921	-0.282	2	1
2629	2629	-1.0099	-0.1236	2	4
2630	2630	0.331	-0.4723	3	5
2631	2631	0.7896	-0.422	3	1
2635	2635	-0.5816	0.3989	2	17
2654	2654	-0.3534	0.6483	1	2
2655	2655	-0.4138	-0.2492	4	1
2674	2674	-0.1306	0.7675	1	1
2471	2471	0.6232	-0.1405	4	1
2483	2483	-0.7856	-0.2616	2	1
2492	2492	0.8548	-0.4575	3	1
2501	2501	1.1993	0.2358	5	1
2505	2505	0.5787	0.5415	5	4
2509	2509	-0.6628	0.2704	2	1
2516	2516	-0.6217	-0.1667	4	2
2520	2520	0.993	0.0123	5	1
2528	2528	-0.7637	0.0432	2	1
2529	2529	-0.2128	0.8871	1	2
2543	2543	-0.042	0.7534	1	1
2560	2560	-0.9704	-0.2043	2	1
2566	2566	-0.2687	-0.2009	4	1
2573	2573	0.8692	-0.192	3	2
1291	1291	0.8642	0.1398	5	8
2390	2390	0.4649	0.4186	5	2
2391	2391	-0.8877	-0.0476	4	1
2403	2403	-0.8921	-0.1939	2	1
2413	2413	-0.638	0.3051	2	1
2426	2426	-0.964	-0.0587	2	1
2437	2437	-0.5288	-0.247	4	1
2443	2443	-0.8943	-0.0145	2	1
2457	2457	-0.2306	0.8596	1	1
2463	2463	-0.2949	-0.1054	4	8
2478	2478	-0.7152	-0.2091	2	1
2482	2482	0.6932	-0.5839	3	2
2273	2273	-0.8638	0.0585	2	1
2288	2288	-0.3552	-0.3486	4	2
2291	2291	0.7975	-0.3066	3	2
2293	2293	1.2412	-0.2604	3	1
2294	2294	0.8062	-0.0844	3	5
2297	2297	0.7518	-0.3882	3	1
2300	2300	0.7766	-0.2241	3	9
2331	2331	0.0361	0.7576	5	2
2334	2334	0.8491	-0.0941	3	4
2342	2342	0.2923	-0.6185	3	1
2345	2345	0.6966	-0.4763	3	1
2351	2351	0.8574	0.2102	5	1
2353	2353	-0.7674	-0.0151	2	1
2354	2354	0.8265	-0.5075	3	2
2356	2356	-0.3603	0.5696	2	1
2357	2357	0.9593	-0.2928	3	2
2361	2361	0.6098	0.6537	5	1
2367	2367	0.8171	0.543	5	1
2370	2370	-0.351	-0.2333	4	2
2377	2377	-0.3701	0.7068	1	2
2186	2186	-0.9132	-0.1512	2	1
2187	2187	-0.6369	-0.3887	2	3
2201	2201	-0.8514	-0.1173	2	3
2211	2211	-0.2262	0.9047	1	1
2213	2213	0.7064	-0.5283	3	1
2217	2217	0.7249	-0.1766	3	1
2223	2223	-0.7917	-0.2908	2	5
2227	2227	0.8549	0.1964	5	1
2230	2230	0.3817	-0.5626	3	1
2240	2240	0.4101	-0.6032	3	2
2243	2243	0.7999	-0.0545	3	1
2250	2250	-0.1735	-0.5497	3	1
2260	2260	-0.5883	0.3543	2	3
2261	2261	0.0069	-0.1375	4	6
2269	2269	0.3102	0.5496	5	1
2277	2277	0.8546	0.2595	5	2
2281	2281	0.461	-0.5569	3	1
2074	2074	0.777	-0.3964	3	21
2079	2079	-0.6649	-0.1682	2	1
2080	2080	0.8359	-0.0254	3	2
2081	2081	-0.8456	-0.2281	2	9
2088	2088	0.839	0.5388	5	6
2102	2102	1.0482	0.2262	5	1
2103	2103	0.7326	-0.1765	3	11
2104	2104	-0.578	0.3113	5	1
2105	2105	0.6608	-0.1719	3	1
2112	2112	-0.1463	0.7745	1	22
2116	2116	0.3917	-0.5498	3	1
2118	2118	0.7545	-0.0969	3	1
2121	2121	-0.6838	0.4018	2	3
2126	2126	-0.8421	0.0452	4	12
2129	2129	-0.3761	-0.3277	4	1
2135	2135	-0.9826	-0.0908	2	1
2142	2142	0.6356	-0.4149	3	1
2143	2143	-0.6627	-0.1788	2	1
2144	2144	1.1802	-0.3018	3	1
2147	2147	-0.5301	0.5559	1	1
2148	2148	-0.4975	-0.3211	2	2
2150	2150	0.9693	-0.3338	3	1
2153	2153	-0.6885	-0.2031	2	1
2166	2166	-0.1677	-0.1559	4	2
2168	2168	-0.9292	-0.1773	2	1
1982	1982	0.0246	-0.7184	3	1
1983	1983	0.7658	-0.517	3	1
1992	1992	-0.7336	0.0449	2	1
1994	1994	0.5817	0.1419	3	1
1998	1998	0.3017	0.0147	4	1
2022	2022	-0.1944	0.7864	1	4
2026	2026	-0.2814	-0.4597	2	1
2049	2049	-0.8837	-0.1554	2	1
2085	2085	-0.1548	-0.3233	4	1
2086	2086	-0.7484	-0.1072	2	2
1904	1904	0.972	-0.1301	5	1
1911	1911	0.841	-0.032	5	2
1918	1918	0.8167	0.1337	3	104
1919	1919	0.6632	-0.2705	3	1
1925	1925	0.8096	-0.5594	3	2
1927	1927	-0.2562	-0.1821	4	19
1928	1928	-0.3923	-0.3763	4	1
1933	1933	-0.6526	0.287	2	2
1935	1935	0.009	-0.7201	3	1
1939	1939	0.873	0.411	5	1
1940	1940	-0.5062	0.5734	1	1
1942	1942	-0.2091	0.8927	1	2
1944	1944	-0.7112	-0.342	2	7
1947	1947	-0.5318	-0.3245	4	3
1948	1948	-0.873	-0.1005	2	1
1955	1955	-0.2206	0.8956	1	1
1956	1956	0.6386	-0.5675	3	43
1958	1958	0.4781	-0.5801	3	5
1875	1875	-0.9224	0.0024	2	1
1877	1877	0.0619	-0.439	3	1
1888	1888	-0.8763	0.1684	2	1
1892	1892	-0.7404	-0.2508	2	5
1896	1896	-0.3684	0.597	1	1
1897	1897	0.2511	-0.5535	3	1
1789	1789	0.2349	-0.4207	3	1
1799	1799	0.6608	0.4163	5	1
1807	1807	-0.908	-0.2152	2	1
1820	1820	-0.653	-0.2553	2	1
1824	1824	1.1555	0.2078	5	6
1830	1830	0.6517	0.442	5	3
1831	1831	-0.2027	0.7601	1	3
1835	1835	-0.7666	-0.2353	2	1
1838	1838	0.6604	0.4238	5	1
1843	1843	0.6193	0.4759	3	3
1847	1847	0.8059	-0.0059	5	100
1850	1850	0.0212	-0.7222	3	2
1854	1854	-0.1411	0.7986	1	54
1865	1865	0.7732	0.0848	5	4
1867	1867	1.0098	0.0425	5	1
1872	1872	0.6857	-0.1971	3	1
1694	1694	0.7426	0.0231	3	1
1703	1703	0.0895	-0.7147	3	2
1709	1709	0.0891	0.3762	5	14
1711	1711	0.2678	0.1649	4	1
1723	1723	-0.877	-0.1391	2	2
1728	1728	-0.961	-0.1736	2	2
1730	1730	0.3195	-0.2241	3	1
1731	1731	-0.9	-0.2228	2	1
1738	1738	0.9075	0.3487	3	10
1740	1740	0.2687	-0.027	4	3
1743	1743	-0.5334	0.5384	1	28
1747	1747	-0.7987	-0.1128	2	3
1757	1757	0.684	-0.2539	3	1
1760	1760	-0.5979	-0.1145	2	1
1764	1764	-0.4119	0.6369	1	1
1775	1775	0.0615	0.7514	1	9
1776	1776	0.7426	-0.1692	3	1
1777	1777	1.1915	0.2362	5	1
1778	1778	-0.7217	-0.2644	2	3
1782	1782	-0.9369	-0.0078	2	1
1587	1587	-0.9493	-0.1843	2	2
1593	1593	-0.2644	-0.2013	4	2
1595	1595	-0.8296	0.1741	2	2
1596	1596	0.2304	0.6853	5	1
1597	1597	-0.8326	-0.1651	2	2
1604	1604	-0.7684	-0.1116	2	11
1605	1605	-0.0571	-0.4374	3	9
1608	1608	0.4787	0.584	5	1
1609	1609	-0.7587	-0.2137	2	1
1616	1616	-0.6018	-0.1627	2	2
1617	1617	-0.1233	0.7639	1	2
1626	1626	0.6545	0.4127	5	7
1633	1633	0.8873	0.3867	5	1
1635	1635	-0.9222	0.028	2	1
1636	1636	0.5042	-0.4932	3	1
1642	1642	0.6898	-0.2597	3	1
1643	1643	0.658	0.4395	5	2
1652	1652	0.8722	-0.2919	5	2
1656	1656	0.3262	0.2111	4	4
1675	1675	-0.3555	0.683	1	2
1689	1689	-0.8595	-0.1304	2	1
1486	1486	0.6153	-0.5615	3	1
1494	1494	0.1032	-0.3018	4	1
1501	1501	-0.8514	-0.1903	2	1
1519	1519	-0.9387	0.084	2	3
1523	1523	-0.6475	0.2179	2	1
1524	1524	0.8215	0.4635	5	1
1525	1525	-0.5316	-0.1477	2	5
1529	1529	0.0228	-0.7188	3	1
1532	1532	-0.7027	-0.2411	2	2
1553	1553	0.368	0.6415	5	3
1576	1576	-0.5425	0.532	2	3
1577	1577	0.7961	0.406	5	1
1580	1580	-0.2566	-0.1849	4	4
1583	1583	0.7578	0.5188	5	1
1392	1392	0.6501	-0.3082	3	1
1398	1398	-0.9952	-0.1486	2	1
1401	1401	0.3415	-0.5458	3	7
1402	1402	0.5948	0.178	3	1
1403	1403	0.045	0.7557	1	1
1407	1407	-0.3775	0.5625	2	4
1411	1411	-0.5754	-0.1764	2	1
1415	1415	0.2775	-0.1414	4	2
1429	1429	0.3522	-0.5092	3	6
1430	1430	-0.9541	0.0505	2	1
1433	1433	-0.2679	-0.4715	3	10
1435	1435	0.6381	0.465	5	1
1441	1441	0.323	-0.5732	3	1
1447	1447	0.2587	-0.0035	4	9
1450	1450	0.496	-0.5513	3	9
1451	1451	-0.2947	0.0014	4	1
1457	1457	1.0512	0.1146	3	12
1458	1458	-0.7247	-0.2154	2	1
1460	1460	0.7842	-0.5527	3	4
1462	1462	-0.0744	-0.5033	3	2
1463	1463	0.56	-0.0043	3	1
1467	1467	0.8282	0.2819	5	3
1468	1468	-0.8147	-0.1249	2	18
1471	1471	0.7647	-0.5356	3	1
1478	1478	-0.9147	-0.0886	2	1
1490	1490	-0.3736	-0.2714	4	18
1491	1491	0.7368	-0.4852	3	4
1493	1493	-0.5052	-0.3514	4	2
1280	1280	0.5517	0.5526	5	1
1282	1282	-0.6499	-0.2306	2	2
1284	1284	-0.8514	-0.087	2	2
1295	1295	0.7192	0.3406	5	1
1299	1299	-0.4	-0.191	4	2
1303	1303	-0.7363	-0.2328	2	1
1308	1308	-0.7546	0.092	2	1
1310	1310	0.5991	0.6242	5	2
1311	1311	0.7891	-0.3919	3	2
1313	1313	0.9435	-0.4179	3	10
1316	1316	0.7834	-0.3986	3	3
1322	1322	-0.6751	-0.2034	2	2
1324	1324	-0.8829	-0.1747	2	3
1325	1325	-0.8603	-0.1272	2	2
1331	1331	0.5132	0.5299	5	4
1334	1334	-0.3599	-0.3072	4	2
1336	1336	-0.5131	0.4118	2	1
1340	1340	-0.9067	0.0022	2	5
1343	1343	0.6983	-0.5734	3	11
1348	1348	1.0011	0.2506	5	2
1352	1352	0.8709	0.1792	5	4
1363	1363	0.2311	-0.5416	3	1
1369	1369	-0.7621	0.0036	2	15
1375	1375	-0.2279	0.895	1	1
1376	1376	-0.5206	0.5554	2	1
1379	1379	0.5232	-0.2495	3	1
1381	1381	-0.1802	0.855	1	1
1382	1382	-0.4105	0.6473	1	1
1192	1192	-0.8143	-0.1515	2	1
1195	1195	-0.7629	0.1566	2	1
1201	1201	-0.638	-0.2085	4	1
1203	1203	-0.9772	-0.0204	2	2
1209	1209	-0.11	0.7104	1	1
1219	1219	-0.6622	0.2249	2	2
1227	1227	-0.7709	-0.2228	2	1
1231	1231	0.433	-0.5176	3	50
1233	1233	-0.9473	0.0723	2	1
1234	1234	-0.9063	-0.0289	2	1
1240	1240	0.4788	0.0846	3	1
1247	1247	0.8096	-0.0979	3	104
1248	1248	-0.5354	-0.2855	4	1
1249	1249	1.2124	0.2357	5	2
1250	1250	0.7673	-0.1129	3	1
1254	1254	-0.4963	0.5467	1	2
1258	1258	-0.392	-0.478	3	13
1259	1259	0.6678	0.2359	4	2
1263	1263	0.8459	0.2364	5	10
1270	1270	0.7517	0.5707	5	1
1271	1271	0.7785	-0.4168	3	1
1275	1275	0.6871	0.4053	5	2
1276	1276	-0.9486	-0.0559	2	14
1279	1279	-0.5825	0.4837	2	2
1083	1083	0.6398	0.4477	5	3
1088	1088	-0.7755	-0.12	2	1
1098	1098	0.6232	0.3971	4	1
1101	1101	-0.1151	0.7505	1	2
1102	1102	0.5842	0.6269	5	1
1106	1106	-0.6224	-0.3966	2	2
1112	1112	-0.8152	-0.226	2	1
1113	1113	0.6289	-0.3681	3	11
1118	1118	-0.5733	-0.1791	2	1
1119	1119	0.9203	-0.3629	3	2
1120	1120	1.0309	-0.0603	5	10
1124	1124	-0.8832	-0.1311	2	1
1129	1129	0.9321	0.476	5	5
1130	1130	0.7803	-0.4026	3	2
1137	1137	-0.5736	-0.1448	4	1
1138	1138	0.6953	0.4638	5	3
1139	1139	0.7024	0.5924	5	1
1140	1140	-0.9269	-0.1842	2	1
1143	1143	0.271	-0.6646	3	1
1145	1145	0.5989	0.5657	5	2
1147	1147	0.8291	0.2833	5	2
1151	1151	-0.5176	-0.3166	2	1
1158	1158	0.3297	-0.4742	3	1
1165	1165	0.353	0.6544	5	1
1166	1166	0.6583	0.5782	5	2
1169	1169	0.3061	-0.0894	4	1
1172	1172	0.8754	-0.2726	3	1
1173	1173	-0.9054	-0.2271	2	1
1177	1177	-0.521	-0.3604	2	1
1183	1183	0.7848	-0.3948	3	1
1185	1185	0.6914	0.1807	3	6
995	995	0.7206	0.2861	5	2
996	996	-0.1502	0.8187	1	4
999	999	0.8011	-0.0731	3	1
1001	1001	0.0409	-0.5536	3	1
1008	1008	-0.6504	0.2417	2	1
1010	1010	-0.8567	-0.1989	2	1
1011	1011	-0.8096	0.2094	2	1
1012	1012	-0.9416	-0.076	2	1
1013	1013	-0.795	-0.198	2	4
1015	1015	-0.5515	0.5261	2	14
1019	1019	-0.4988	-0.2384	2	1
1022	1022	-0.6651	-0.1345	2	1
1025	1025	0.9468	-0.3913	3	14
1028	1028	0.7355	0.5974	5	1
1030	1030	-0.9821	-0.0933	2	1
1033	1033	0.9569	0.0914	5	1
1037	1037	-0.5842	-0.2257	4	1
1040	1040	0.5073	-0.4989	3	1
1045	1045	0.1878	0.6704	1	1
1055	1055	-0.1657	0.7697	1	1
1059	1059	-0.1773	0.8538	1	1
1066	1066	-0.8916	-0.1623	2	1
1073	1073	-0.5422	0.4795	2	1
1075	1075	0.0468	0.5952	2	2
1077	1077	-0.9695	-0.1437	2	23
1078	1078	-0.8653	-0.1417	2	1
1092	1092	0.2618	-0.5963	3	1
889	889	-0.8463	-0.137	2	1
891	891	0.3427	0.1417	4	6
896	896	-0.7991	-0.0804	2	1
902	902	0.0249	-0.7221	3	3
905	905	0.3088	0.051	4	3
906	906	0.6613	0.4119	5	1
907	907	0.2934	-0.6468	3	1
908	908	0.8372	0.2851	5	1
910	910	0.4973	-0.5607	3	6
911	911	-0.098	0.7602	1	8
917	917	-0.3702	0.6864	1	1
918	918	0.274	-0.6029	3	1
921	921	-0.7846	0.0547	2	4
923	923	-0.7293	0.2563	2	3
924	924	-0.9356	0.001	2	2
930	930	-0.8622	-0.1927	2	1
941	941	-0.9277	0.0048	2	1
942	942	-0.665	-0.0067	2	31
946	946	-0.5945	-0.2211	4	1
954	954	-0.8582	-0.0003	2	1
956	956	-0.8583	-0.1173	2	2
958	958	-0.0078	0.7722	1	1
959	959	0.4608	-0.5284	3	11
963	963	-0.8468	-0.1651	2	1
981	981	0.6364	0.3591	5	4
986	986	-0.8762	-0.1611	2	2
796	796	-0.3196	-0.3064	4	1
799	799	0.9101	-0.5096	3	1
800	800	-0.9721	-0.1067	2	1
804	804	-0.0595	-0.4019	4	3
811	811	1.2136	0.2409	5	7
815	815	-0.8611	-0.2117	2	4
818	818	-0.3518	-0.309	4	1
821	821	0.6773	-0.2575	3	3
826	826	-0.6166	0.4415	2	1
827	827	-0.8919	-0.0618	2	1
829	829	-0.3414	-0.4096	4	1
831	831	0.6761	0.6251	5	2
839	839	0.026	-0.3668	3	17
847	847	0.0941	0.0012	4	2
848	848	-0.5852	0.4182	2	6
849	849	-0.7482	-0.0562	2	20
851	851	0.9884	-0.3177	3	1
852	852	0.7973	-0.3594	3	1
854	854	-0.0275	0.7724	1	1
856	856	-0.944	0.0083	2	1
857	857	-0.9204	-0.0043	2	56
862	862	0.7646	-0.52	3	3
865	865	-0.7261	-0.2572	2	6
867	867	0.3899	-0.1201	4	3
868	868	0.803	-0.2639	3	3
875	875	-0.8015	-0.2029	2	4
878	878	-0.9102	-0.0011	2	4
880	880	0.6548	0.4502	5	6
899	899	-0.8472	-0.1981	2	3
900	900	-0.8952	0.1415	2	1
693	693	1.2555	-0.2649	3	1
705	705	0.6696	0.4238	5	1
717	717	0.7675	-0.2625	3	2
719	719	-0.8456	-0.1236	2	1
721	721	-0.5097	0.5657	1	19
724	724	0.8308	0.2482	5	1
727	727	1.212	0.237	5	1
731	731	-0.5405	-0.3357	2	3
734	734	-0.5142	-0.2721	2	81
735	735	0.6077	0.4849	5	1
738	738	-0.1791	0.8538	1	2
752	752	-0.0818	-0.3139	4	4
753	753	0.4856	-0.4753	3	1
760	760	-0.5226	-0.2505	4	6
765	765	0.3231	-0.0068	4	24
771	771	0.9966	-0.245	5	1
772	772	-0.6128	-0.3835	2	45
774	774	0.8736	-0.4808	3	1
775	775	0.9862	-0.3103	3	1
776	776	0.8485	0.5356	5	1
778	778	-0.8196	0.0163	2	1
780	780	-0.9443	0.0089	2	1
781	781	-0.8228	-0.1598	2	2
782	782	-0.7784	-0.0772	2	1
784	784	1.0301	-0.0596	5	4
785	785	-0.0537	-0.3326	4	9
790	790	-0.2387	-0.1418	4	1
595	595	-0.4032	-0.359	4	8
597	597	-0.9396	-0.0758	2	2
598	598	-0.9469	-0.1583	2	2
599	599	0.3007	0.0064	4	10
602	602	-0.6123	0.4551	2	7
607	607	-0.3008	0.0059	4	1
610	610	-0.6265	-0.2605	2	1
616	616	-0.0593	-0.3504	4	1
620	620	-0.0573	-0.3423	4	2
622	622	-0.5059	0.5772	1	3
623	623	-0.7673	-0.2072	2	7
628	628	-0.2431	-0.1511	4	1
629	629	-0.86	-0.2004	2	1
630	630	0.7955	-0.4769	3	3
636	636	0.7711	-0.5556	3	3
637	637	0.0433	0.7427	5	1
639	639	-0.7239	-0.0806	2	12
640	640	0.7905	0.2461	5	3
645	645	-0.3061	-0.3002	4	6
646	646	-0.7837	-0.2037	2	2
647	647	0.8156	-0.097	3	1
648	648	0.7947	0.5753	5	1
651	651	0.0031	-0.1565	4	5
657	657	-0.0896	-0.4408	3	1
658	658	0.2694	-0.6502	3	1
662	662	1.0247	-0.3337	3	2
666	666	0.6493	-0.4091	3	1
677	677	-0.6037	-0.2705	2	1
679	679	0.7664	0.2449	3	1
681	681	-0.854	-0.1804	2	3
682	682	0.8434	-0.4805	3	2
684	684	1.2439	-0.2601	3	3
688	688	0.6939	-0.2424	3	3
695	695	-0.1809	-0.1365	4	2
697	697	-0.3376	0.6305	1	4
698	698	-0.452	0.001	2	2
699	699	-0.6737	-0.1522	2	3
505	505	-0.3943	0.5757	1	1
512	512	-0.8165	-0.1487	2	1
515	515	-0.6564	-0.186	2	2
516	516	-0.9035	-0.0007	2	1
518	518	-0.5732	-0.2555	4	1
525	525	0.781	-0.3954	3	14
527	527	0.4161	-0.4405	3	2
529	529	0.8223	0.4484	5	1
530	530	-0.0564	-0.2429	4	36
532	532	-0.7915	-0.1126	2	4
534	534	-0.9612	-0.1395	2	10
537	537	0.5832	0.4842	5	1
543	543	0.7622	0.3798	5	1
544	544	-0.326	-0.182	4	1
548	548	0.5042	-0.4903	3	1
550	550	1.1564	0.2054	5	1
551	551	-0.9649	-0.1374	2	1
556	556	-0.2087	0.8722	1	23
557	557	-0.5574	0.4898	2	16
558	558	-0.7037	-0.1887	2	4
560	560	-0.616	0.3357	2	3
568	568	-0.7463	0.2464	2	1
570	570	-0.7632	-0.1636	2	1
574	574	-0.4062	-0.0434	2	1
575	575	-0.4471	-0.4218	3	2
578	578	-0.3821	0.6672	1	3
579	579	-0.5261	0.5173	1	3
585	585	-0.202	0.7801	1	2
586	586	0.7545	0.5453	5	1
587	587	-0.0279	0.7714	1	1
588	588	0.8558	0.2169	5	1
593	593	-0.0729	0.5938	1	21
400	400	-0.7941	-0.0741	2	2
412	412	0.8885	-0.5032	3	187
413	413	-0.4573	-0.3393	3	1
422	422	0.0675	0.4825	4	1
425	425	0.7666	0.5719	5	3
426	426	0.885	-0.514	3	1
430	430	-0.8893	0.0712	2	1
431	431	-0.8102	-0.2366	2	2
435	435	-0.7371	-0.2034	2	2
436	436	0.6551	-0.1268	3	1
438	438	0.5402	-0.5383	3	2
439	439	-0.8314	-0.2077	2	2
440	440	0.3564	-0.4857	3	1
445	445	-0.8702	-0.0657	2	3
446	446	-0.6654	-0.1431	2	1
447	447	-0.5576	-0.239	4	1
448	448	1.2403	-0.259	3	3
449	449	0.9459	-0.419	3	1
450	450	0.3581	-0.5266	3	3
451	451	0.7133	0.3782	5	1
452	452	1.2127	0.2365	5	2
453	453	0.7842	-0.3967	3	4
462	462	0.3269	-0.0741	4	1
467	467	0.9187	-0.4214	3	2
468	468	-0.8546	-0.0215	2	1
469	469	-0.8353	-0.1071	2	1
470	470	0.9911	0.0136	5	3
471	471	0.6997	0.4111	5	1
472	472	-0.2553	-0.1632	4	1
473	473	0.7155	0.5867	5	1
479	479	-0.1191	-0.2267	4	17
481	481	0.5308	0.62	5	6
482	482	-0.8148	0.0115	2	3
484	484	-0.8595	0.0793	2	14
488	488	0.482	-0.5021	3	1
494	494	0.7001	-0.5731	3	1
495	495	0.7284	0.5947	5	3
496	496	-0.8681	-0.0769	2	3
501	501	-0.2698	-0.2204	4	10
308	308	-0.8183	-0.0893	2	9
313	313	0.0752	-0.3164	4	2
315	315	0.7658	-0.3715	3	1
316	316	-0.2638	-0.1911	4	10
317	317	-0.5969	0.4552	2	1
319	319	0.1779	0.5059	1	1
321	321	0.0719	0.7324	1	2
323	323	-0.7463	-0.2043	2	9
335	335	0.6104	0.4947	5	1
337	337	0.9604	-0.3448	3	22
340	340	0.6581	-0.2788	3	2
341	341	-0.9009	-0.0704	2	7
342	342	-0.6312	-0.0225	2	3
347	347	-0.3398	0.6445	1	2
348	348	0.8313	0.2809	5	155
349	349	-0.8518	-0.1368	2	1
350	350	0.553	-0.4461	3	8
352	352	-0.5919	-0.3788	4	19
355	355	0.8603	-0.486	3	3
356	356	0.7813	-0.5492	3	1
359	359	0.1489	-0.6583	3	2
360	360	-0.8191	-0.182	2	19
363	363	-0.1424	0.7863	1	2
366	366	-0.5697	0.4582	2	1
368	368	-0.7925	-0.2207	2	1
369	369	0.5129	-0.5347	3	1
371	371	-0.4145	-0.2783	4	1
374	374	-0.1477	-0.531	3	3
375	375	-0.9079	0.0072	2	1
376	376	-0.2536	0.8772	1	3
377	377	-0.1813	-0.1583	4	64
381	381	1.2542	-0.2651	3	10
383	383	-0.9544	-0.1399	2	4
386	386	0.0517	0.754	1	1
388	388	0.7317	0.5796	5	2
391	391	0.0202	-0.7216	3	1
393	393	0.7885	-0.395	3	4
396	396	-0.864	0.1703	2	2
405	405	-0.4985	-0.0822	5	1
408	408	0.4495	-0.611	3	2
409	409	-0.2144	0.7495	1	1
203	203	0.774	-0.4718	3	3
204	204	0.2993	0.0291	4	5
205	205	-0.5714	0.4679	2	5
206	206	-0.5472	0.4812	2	1
208	208	-0.6618	0.2544	2	268
211	211	-0.3947	0.5572	2	3
217	217	0.5212	0.5304	5	1
218	218	-0.9519	-0.1537	2	8
220	220	-0.8194	-0.0898	2	7
222	222	-0.3577	-0.3257	4	2
223	223	-0.936	-0.1638	2	2
226	226	-0.8947	-0.0028	2	1
227	227	-0.2016	0.7947	1	7
229	229	-0.067	0.7459	1	1
230	230	0.7461	0.5879	5	3
232	232	-0.7734	-0.2038	2	4
233	233	0.3452	-0.3491	3	1
245	245	-0.9085	-0.0553	2	22
247	247	-0.5461	0.528	1	1
248	248	-0.5235	0.5095	2	5
249	249	0.0217	0.7403	1	1
251	251	0.4498	-0.5513	3	2
252	252	-0.5705	0.4577	2	333
253	253	-0.2121	0.8767	1	3
256	256	0.8579	0.2214	5	21
259	259	-0.9831	-0.0812	2	1
262	262	-0.8981	0.1348	2	1
266	266	-0.7095	-0.2434	2	1
267	267	0.046	0.7721	1	6
268	268	-0.7215	-0.2332	2	1
270	270	-0.531	0.5263	2	2
271	271	0.6036	-0.5591	3	3
273	273	-0.8347	0.0769	2	1
274	274	0.871	-0.5339	3	13
275	275	-0.6691	0.2906	2	1
278	278	0.2727	-0.5024	3	6
282	282	0.857	0.2099	5	3
284	284	-0.9045	0.0822	2	1
286	286	-0.1035	-0.4081	3	3
287	287	-0.4472	0.4308	2	1
290	290	-0.8467	-0.1435	2	3
293	293	-0.7456	-0.2255	2	1
296	296	0.6613	-0.5555	3	1
298	298	0.6329	-0.1348	3	1
299	299	0.9618	-0.3556	3	43
301	301	1.1835	0.1904	5	13
304	304	-0.8733	-0.1821	2	1
305	305	-0.8782	0.1764	2	2
110	110	-0.8302	0.0287	2	3
112	112	0.5923	-0.5576	3	2
113	113	-0.1784	0.855	1	2
114	114	0.7806	-0.5093	3	6
117	117	0.3143	0.0128	4	3
120	120	0.3806	-0.4685	3	3
123	123	-0.3163	0.7234	1	2
124	124	-0.8384	-0.1012	2	1
125	125	-0.7872	0.1482	2	4
128	128	-0.9289	-0.1363	2	49
135	135	0.8007	-0.1405	3	1
136	136	-0.6191	-0.2169	2	1
137	137	0.6899	-0.4242	3	1
143	143	-0.9183	-0.0852	2	1
144	144	-0.5287	0.532	2	1
146	146	-0.9085	0.0008	2	2
147	147	-0.9243	-0.1405	2	1
150	150	-0.7975	-0.1819	2	16
152	152	-0.7738	-0.1696	2	4
156	156	0.4911	-0.4494	3	413
162	162	0.6881	0.4053	5	1
172	172	0.7539	0.4718	5	1
174	174	0.5239	-0.5618	3	1
178	178	1.0316	-0.0605	5	7
179	179	-0.8669	-0.0896	2	1
181	181	-0.9211	-0.1799	2	2
183	183	-0.752	-0.0777	2	1
184	184	-0.5163	-0.2826	4	11
190	190	-0.6494	-0.0118	2	1
192	192	-0.6261	0.2958	2	2
193	193	-0.5506	0.4925	2	1
196	196	-0.8853	-0.1892	2	2
201	201	-0.935	-0.0071	2	23
213	213	1.2549	-0.2652	3	2
215	215	-0.3425	0.6324	1	4
0	0	-0.7941	-0.1434	2	8
2	2	0.0174	-0.7186	3	11
3	3	-0.7155	-0.2076	2	1
5	5	0.3134	-0.008	4	17
14	14	0.0436	0.756	1	61
15	15	1.2375	-0.2718	3	4
17	17	-0.581	0.3992	2	81
19	19	0.3292	-0.4732	3	46
20	20	0.875	-0.4801	3	1
21	21	1.2421	-0.2581	3	2
22	22	0.705	-0.5574	3	1
24	24	-0.1697	0.8403	1	1
25	25	-0.7703	-0.1795	2	31
28	28	-0.6843	-0.1651	2	48
32	32	0.0536	0.7325	1	2
33	33	0.7812	0.5589	5	1
34	34	-0.2208	-0.1287	4	1
35	35	-0.6702	0.2305	2	2
41	41	0.2306	-0.6859	3	19
44	44	1.2526	-0.2627	3	11
48	48	0.6493	0.4479	5	1
50	50	0.4617	-0.0895	4	287
54	54	-0.8273	-0.022	2	1
57	57	-0.9149	-0.1604	2	4
62	62	-0.8353	-0.0647	2	9
66	66	-0.2604	-0.1819	4	96
67	67	-0.8019	0.0223	2	4
68	68	-0.7301	0.0103	2	1
69	69	-0.1866	-0.2699	4	2
71	71	0.5051	-0.5238	3	7
72	72	-0.1735	0.8423	1	1
74	74	-0.3464	0.5432	2	1
75	75	-0.6245	-0.0229	2	18
78	78	-0.7561	0.2026	2	122
80	80	-0.5564	0.4388	2	4
82	82	-0.5019	-0.3044	2	1
83	83	0.6427	-0.5631	3	2
84	84	1.0257	-0.3338	3	1
87	87	-0.1647	-0.1417	4	639
91	91	0.4886	-0.3976	3	2
97	97	0.3213	-0.4716	3	15
98	98	-0.8035	-0.239	2	14
104	104	1.0234	-0.3504	3	3
105	105	0.7054	-0.5382	3	19
107	107	0.8539	0.2568	3	8
6	6	0.6773	-0.5092	3	59
7	7	0.3382	-0.6328	3	2
8	8	0.5269	-0.5983	3	7
11	11	-0.8493	-0.2022	2	4
13	13	-0.8374	-0.2054	2	1