id	label	x	y	cluster	weight
1289	1289	-0.7918	0.0806	2	64
3975	3975	-0.882	-0.2811	2	2
1682	1682	-0.1679	0.8125	1	4
3901	3901	-0.9161	0.1383	2	1
3928	3928	0.8373	0.4725	5	1
3930	3930	-0.2529	-0.1792	4	1
3762	3762	-0.7666	-0.3633	2	3
3792	3792	-0.2151	0.9149	1	1
3827	3827	0.8049	0.2791	5	1
3742	3742	-0.8996	0.1909	2	2
3573	3573	0.8651	-0.5053	3	1
3603	3603	-0.829	-0.2013	2	1
3636	3636	0.4576	-0.5774	3	5
3637	3637	-0.7516	-0.3527	2	1
3472	3472	-0.564	-0.4051	4	1
3481	3481	0.0219	-0.4058	4	75
3497	3497	-0.2096	0.8794	1	1
3522	3522	0.5437	-0.0879	3	4
3528	3528	0.8477	-0.5189	5	2
3357	3357	1.1583	0.2082	5	5
3367	3367	0.6972	0.6196	5	1
3389	3389	0.1885	0.2182	1	7
3394	3394	-0.6921	0.1644	2	1
3396	3396	0.5775	0.6185	5	18
3398	3398	-0.7758	-0.1754	2	1
3267	3267	1.0314	0.1014	5	1
3276	3276	-0.7982	0.1997	2	1
3287	3287	0.6769	-0.2335	3	2
3323	3323	1.1556	0.2109	5	1
3337	3337	-0.9737	0.0893	2	1
3212	3212	0.4303	0.5544	1	2
3220	3220	-0.1472	0.7898	1	1
3255	3255	-0.0228	0.5985	1	1
3083	3083	-0.6471	-0.389	2	1
3089	3089	-0.6771	0.2005	2	2
3097	3097	0.7954	-0.4039	3	4
3106	3106	0.231	0.3058	4	8
3115	3115	0.6627	-0.5563	3	2
3123	3123	-1.0243	-0.161	2	3
3127	3127	-0.6367	-0.4069	3	4
3129	3129	-0.5267	0.508	1	1
3130	3130	0.6884	-0.4685	3	1
3132	3132	0.419	0.061	3	1
3137	3137	-0.2274	-0.1242	4	9
3146	3146	0.9758	-0.3276	3	18
3148	3148	1.1747	0.1947	5	1
2987	2987	0.0764	0.7466	1	1
2988	2988	-0.2592	0.8686	1	1
3006	3006	0.4431	-0.4753	3	1
3014	3014	-0.8521	-0.0685	4	1
3049	3049	-0.0673	-0.1149	4	5
3058	3058	-0.8469	-0.2541	2	1
3060	3060	0.834	-0.5017	3	1
2868	2868	0.522	0.1366	3	2
2888	2888	0.1811	0.3708	2	2
2891	2891	-0.9459	0.0255	2	1
2904	2904	0.4209	-0.4482	3	6
2925	2925	0.8377	-0.0662	5	1
2810	2810	0.9011	0.5179	5	5
2815	2815	-0.1843	0.8607	1	1
2821	2821	-0.5904	0.3528	2	1
2832	2832	-0.8549	-0.2429	2	40
2841	2841	-0.8795	-0.1684	2	1
2854	2854	-0.9801	-0.0675	2	6
2861	2861	0.7395	0.5932	5	1
2668	2668	0.3273	0.6017	5	10
2704	2704	0.741	-0.1702	3	1
2712	2712	0.587	-0.5035	3	1
2729	2729	0.8655	-0.4911	3	4
2732	2732	-0.7151	-0.2971	2	1
2737	2737	-0.2604	-0.1841	4	4
2743	2743	0.9495	-0.4179	3	1
2751	2751	0.3898	-0.1227	4	2
2759	2759	0.5964	0.642	5	1
2764	2764	0.1209	0.7166	1	1
2576	2576	0.6845	0.1395	3	1
2579	2579	-0.2466	-0.4419	3	7
2580	2580	-0.6175	-0.2245	4	1
2595	2595	0.756	-0.0938	3	1
2596	2596	-0.1402	0.8481	1	1
2599	2599	0.9887	-0.19	3	2
2603	2603	0.9567	-0.356	3	1
2620	2620	-0.9511	0.0786	2	1
2625	2625	0.4278	-0.5863	3	1
2635	2635	-0.5816	0.3989	2	5
2657	2657	0.7727	-0.1765	3	1
2661	2661	0.8394	0.5469	5	1
2473	2473	0.6692	0.5117	5	1
2484	2484	-0.281	-0.2532	4	1
2489	2489	-0.3436	0.6359	1	3
2491	2491	0.6256	-0.3039	3	1
2493	2493	-0.0563	-0.1828	4	1
2495	2495	0.847	0.5221	5	1
2515	2515	-0.6036	-0.2495	2	1
2526	2526	0.7952	0.4061	5	1
2555	2555	0.8015	-0.0702	3	2
2558	2558	0.682	-0.4531	3	2
2574	2574	0.5082	0.6108	5	1
1290	1290	-0.5528	0.5006	2	1
2378	2378	0.8969	-0.0208	5	1
2403	2403	-0.8921	-0.1939	2	2
2413	2413	-0.638	0.3051	2	9
2419	2419	0.795	0.2514	5	2
2423	2423	-0.7574	-0.2376	2	2
2431	2431	-0.2223	0.8962	1	6
2435	2435	0.6977	0.5399	5	16
2451	2451	0.868	0.2064	5	1
2452	2452	0.8703	-0.091	5	3
2455	2455	0.699	-0.2562	3	6
2456	2456	-0.8426	0.1325	2	1
2463	2463	-0.2949	-0.1054	4	3
2481	2481	0.5189	0.53	5	1
2273	2273	-0.8638	0.0585	2	1
2274	2274	0.0227	-0.7211	3	2
2296	2296	-0.7156	0.1147	2	2
2304	2304	-0.6695	-0.3707	2	1
2308	2308	1.1104	0.2307	5	32
2323	2323	0.6803	0.5901	5	2
2331	2331	0.0361	0.7576	5	1
2342	2342	0.2923	-0.6185	3	1
2343	2343	-0.882	0.0582	2	1
2345	2345	0.6966	-0.4763	3	1
2354	2354	0.8265	-0.5075	3	2
2356	2356	-0.3603	0.5696	2	1
2179	2179	-0.5463	0.5428	2	3
2184	2184	-0.2059	-0.1304	4	22
2186	2186	-0.9132	-0.1512	2	23
2187	2187	-0.6369	-0.3887	2	1
2189	2189	0.8036	-0.5489	3	2
2190	2190	-0.2927	-0.0191	5	1
2192	2192	0.9271	0.4914	5	1
2194	2194	-0.8366	0.079	2	1
2203	2203	0.3196	-0.6358	3	3
2216	2216	0.7633	0.5475	5	1
2222	2222	-0.3747	-0.277	4	1
2226	2226	-0.596	-0.1305	2	1
2235	2235	-0.54	-0.2884	2	1
2246	2246	-0.3214	-0.4238	4	2
2256	2256	-0.5308	-0.283	4	10
2261	2261	0.0069	-0.1375	4	1
2277	2277	0.8546	0.2595	5	3
2278	2278	-0.194	0.8538	1	1
2279	2279	-0.9155	-0.078	2	3
2079	2079	-0.6649	-0.1682	2	19
2110	2110	0.4709	0.6375	5	2
2116	2116	0.3917	-0.5498	3	7
2121	2121	-0.6838	0.4018	2	1
2125	2125	-0.8492	-0.2368	2	1
2127	2127	-0.1805	0.7936	1	6
2135	2135	-0.9826	-0.0908	2	1
2147	2147	-0.5301	0.5559	1	5
2161	2161	0.9768	-0.1932	3	4
2163	2163	0.7072	-0.494	3	2
2174	2174	1.2145	0.2318	5	2
2177	2177	0.6766	0.4208	5	1
1984	1984	-0.4203	-0.3523	2	3
1990	1990	0.7874	0.39	5	5
1995	1995	-0.6566	-0.2112	4	1
2002	2002	0.6506	0.447	5	10
2003	2003	0.5046	-0.2215	3	1
2009	2009	1.188	0.1832	3	12
2022	2022	-0.1944	0.7864	1	24
2024	2024	0.6761	-0.4793	3	1
2026	2026	-0.2814	-0.4597	2	1
2028	2028	0.8562	-0.2769	3	9
2040	2040	-0.3325	-0.3175	4	1
2042	2042	-0.6282	-0.4077	2	3
2044	2044	-0.2085	0.8634	1	1
2051	2051	-0.8779	0.0776	2	1
2060	2060	0.5498	-0.4721	3	1
2063	2063	0.8158	0.4484	5	1
2083	2083	0.3768	0.3258	3	5
2085	2085	-0.1548	-0.3233	4	4
2086	2086	-0.7484	-0.1072	2	1
1903	1903	-1.0055	-0.0369	2	1
1906	1906	0.0705	-0.7131	3	5
1913	1913	-0.9081	-0.153	2	1
1915	1915	-0.8206	-0.0573	2	1
1920	1920	-0.9271	0.0881	2	4
1925	1925	0.8096	-0.5594	3	2
1927	1927	-0.2562	-0.1821	4	5
1928	1928	-0.3923	-0.3763	4	2
1944	1944	-0.7112	-0.342	2	1
1946	1946	0.9637	-0.3003	3	1
1964	1964	0.6844	-0.405	3	2
1975	1975	-0.8935	0.0461	2	2
1978	1978	-0.1808	-0.0142	5	3
1891	1891	0.941	-0.4189	3	451
1897	1897	0.2511	-0.5535	3	14
1786	1786	0.281	-0.522	3	1
1807	1807	-0.908	-0.2152	2	1
1813	1813	-0.2083	0.8914	1	3
1822	1822	-0.6175	0.451	2	1
1830	1830	0.6517	0.442	5	4
1847	1847	0.8059	-0.0059	5	66
1863	1863	-0.6528	0.3659	2	3
1867	1867	1.0098	0.0425	5	1
1870	1870	-0.8744	-0.08	2	1
1686	1686	0.8529	0.5037	5	1
1693	1693	0.8456	0.5378	5	11
1698	1698	0.7843	-0.4107	3	1
1709	1709	0.0891	0.3762	5	6
1716	1716	0.6704	0.4099	3	1
1717	1717	0.6786	-0.2406	3	5
1718	1718	-0.846	0.0835	2	2
1727	1727	0.7923	-0.3917	3	1
1733	1733	1.0269	0.0989	5	19
1738	1738	0.9075	0.3487	3	175
1740	1740	0.2687	-0.027	4	1
1742	1742	-0.6352	-0.3947	2	1
1743	1743	-0.5334	0.5384	1	8
1747	1747	-0.7987	-0.1128	2	1
1749	1749	0.6773	0.418	5	1
1752	1752	-0.4102	0.5898	1	2
1753	1753	0.4381	0.6714	5	2
1780	1780	-0.6637	-0.2123	4	1
1587	1587	-0.9493	-0.1843	2	6
1591	1591	0.2188	0.1713	4	1
1595	1595	-0.8296	0.1741	2	6
1602	1602	-0.7551	-0.032	2	12
1604	1604	-0.7684	-0.1116	2	3
1605	1605	-0.0571	-0.4374	3	3
1612	1612	-0.3679	0.5866	1	2
1616	1616	-0.6018	-0.1627	2	4
1630	1630	0.0397	-0.1822	4	1
1639	1639	0.2123	-0.0354	4	4
1653	1653	-0.2376	0.8273	1	1
1657	1657	-0.495	-0.3787	2	13
1673	1673	0.616	0.1688	5	2
1676	1676	-0.9263	0.0225	2	1
1496	1496	-0.7562	-0.1871	2	1
1499	1499	-0.5675	-0.4168	2	6
1504	1504	0.5735	-0.5575	3	5
1505	1505	0.8738	-0.5127	3	19
1512	1512	-0.2259	0.8554	1	1
1517	1517	0.6785	0.4238	5	2
1518	1518	0.4612	-0.3774	3	22
1520	1520	0.7304	-0.1672	3	4
1537	1537	-0.6678	-0.2254	2	1
1551	1551	-0.9331	-0.1518	2	1
1555	1555	-0.9138	-0.2185	2	1
1559	1559	0.7755	-0.4352	3	9
1563	1563	1.1939	0.2391	5	2
1566	1566	0.6864	-0.5343	3	2
1572	1572	-0.6197	0.4489	2	16
1573	1573	0.8535	-0.3759	3	1
1576	1576	-0.5425	0.532	2	508
1577	1577	0.7961	0.406	5	17
1586	1586	-0.8481	0.024	2	1
1389	1389	0.7891	-0.5266	3	1
1391	1391	-0.4303	0.6534	1	12
1394	1394	-0.3157	0.7345	1	2
1398	1398	-0.9952	-0.1486	2	8
1404	1404	-0.9715	0.0066	2	1
1410	1410	-0.8209	-0.0936	2	1
1412	1412	-0.0005	0.7663	1	6
1413	1413	-0.7398	-0.1843	2	1
1421	1421	-0.3582	-0.3164	4	2
1428	1428	-0.8992	-0.0195	2	12
1429	1429	0.3522	-0.5092	3	3
1431	1431	-0.883	0.177	2	1
1435	1435	0.6381	0.465	5	3
1440	1440	-0.8201	-0.1894	2	3
1447	1447	0.2587	-0.0035	4	8
1455	1455	-0.1368	-0.1931	4	2
1460	1460	0.7842	-0.5527	3	1
1468	1468	-0.8147	-0.1249	2	125
1473	1473	-1.0213	-0.1299	2	1
1490	1490	-0.3736	-0.2714	4	2
1492	1492	-0.7543	-0.0085	2	1
1281	1281	-0.8436	-0.0439	2	1
1284	1284	-0.8514	-0.087	2	82
1285	1285	-0.6623	-0.2843	2	1
1293	1293	-0.8607	-0.2241	2	8
1294	1294	0.1521	-0.6575	3	3
1298	1298	-0.2128	0.851	1	2
1316	1316	0.7834	-0.3986	3	1
1322	1322	-0.6751	-0.2034	2	1
1331	1331	0.5132	0.5299	5	2
1332	1332	0.7734	-0.259	3	509
1337	1337	1.2494	-0.2513	3	1
1338	1338	0.5192	-0.5548	3	1
1345	1345	-0.103	-0.3955	4	3
1346	1346	-0.7843	0.1731	2	2
1350	1350	0.6985	0.3039	5	2
1354	1354	0.8065	-0.4719	3	2
1366	1366	-0.6606	-0.2841	2	1
1367	1367	-0.0404	-0.1201	4	3
1369	1369	-0.7621	0.0036	2	1
1376	1376	-0.5206	0.5554	2	1
1382	1382	-0.4105	0.6473	1	1
1189	1189	-0.6156	-0.3275	2	1
1190	1190	0.5285	0.5407	5	14
1195	1195	-0.7629	0.1566	2	1
1197	1197	-0.9629	0.0054	2	1
1205	1205	0.7501	0.5764	5	3
1211	1211	-0.9113	-0.1456	2	8
1216	1216	0.5046	0.4127	5	1
1223	1223	0.6611	-0.4537	3	1
1224	1224	-0.3962	-0.1914	2	1
1226	1226	0.7815	-0.3153	3	4
1231	1231	0.433	-0.5176	3	1
1234	1234	-0.9063	-0.0289	2	1
1237	1237	0.544	-0.2085	4	13
1246	1246	-0.6442	-0.1836	2	8
1259	1259	0.6678	0.2359	4	1
1260	1260	-1.0035	-0.1582	2	1
1263	1263	0.8459	0.2364	5	8
1270	1270	0.7517	0.5707	5	1
1274	1274	0.1491	-0.653	3	1
1277	1277	-0.9591	-0.1422	2	1
1083	1083	0.6398	0.4477	5	237
1086	1086	0.0097	-0.7179	3	9
1088	1088	-0.7755	-0.12	2	1
1096	1096	-0.5055	0.5551	2	1
1097	1097	0.3908	-0.1208	4	1
1099	1099	0.5906	-0.5965	3	7
1113	1113	0.6289	-0.3681	3	1
1120	1120	1.0309	-0.0603	5	28
1124	1124	-0.8832	-0.1311	2	6
1129	1129	0.9321	0.476	5	1
1139	1139	0.7024	0.5924	5	15
1141	1141	0.3181	0.0262	4	2
1145	1145	0.5989	0.5657	5	1
1153	1153	0.4267	-0.4236	3	1
1175	1175	0.4135	0.4319	5	92
1181	1181	-0.6902	-0.2356	2	1
1183	1183	0.7848	-0.3948	3	1
1185	1185	0.6914	0.1807	3	296
994	994	-0.4453	0.3677	5	1
995	995	0.7206	0.2861	5	1
1000	1000	1.0342	0.155	5	2
1012	1012	-0.9416	-0.076	2	9
1013	1013	-0.795	-0.198	2	3
1024	1024	0.8884	0.0177	5	3
1025	1025	0.9468	-0.3913	3	2
1027	1027	0.7333	0.1033	3	2
1028	1028	0.7355	0.5974	5	2
1029	1029	0.5778	0.5596	5	1
1030	1030	-0.9821	-0.0933	2	44
1031	1031	0.485	-0.0784	4	1
1040	1040	0.5073	-0.4989	3	4
1041	1041	-0.9351	-0.1122	2	6
1045	1045	0.1878	0.6704	1	1
1053	1053	-0.7793	-0.1291	2	1
1055	1055	-0.1657	0.7697	1	1
1064	1064	0.7341	-0.4224	3	1
1078	1078	-0.8653	-0.1417	2	1
1091	1091	1.2113	0.2325	5	2
1094	1094	0.6428	-0.332	3	1
891	891	0.3427	0.1417	4	2
897	897	0.5699	-0.5509	3	3
905	905	0.3088	0.051	4	2
909	909	-0.8236	-0.2199	2	1
914	914	0.8449	-0.461	5	1
920	920	0.7745	-0.0274	3	2
921	921	-0.7846	0.0547	2	1
922	922	-0.7647	0.0339	2	1
926	926	0.5935	-0.4735	3	2
941	941	-0.9277	0.0048	2	2
947	947	0.9795	-0.3519	3	1
952	952	-0.6244	-0.2302	4	1
953	953	0.6497	-0.6278	3	2
957	957	0.7614	-0.3226	3	7
979	979	-0.8299	0.0066	2	1
981	981	0.6364	0.3591	5	5
987	987	1.0921	0.1356	5	2
989	989	0.7652	0.5452	5	1
799	799	0.9101	-0.5096	3	43
812	812	0.5353	-0.1837	3	1
816	816	0.5806	0.5367	5	1
825	825	-0.0195	0.7725	1	32
828	828	-0.6208	0.1811	2	4
841	841	-0.8008	-0.2381	2	1
844	844	-0.8361	0.0318	2	2
857	857	-0.9204	-0.0043	2	42
862	862	0.7646	-0.52	3	2
865	865	-0.7261	-0.2572	2	17
868	868	0.803	-0.2639	3	32
874	874	0.2629	-0.2169	3	1
875	875	-0.8015	-0.2029	2	1
885	885	0.3619	-0.4565	3	1
886	886	-0.8022	-0.089	2	1
901	901	0.6507	0.4572	5	1
691	691	0.6076	-0.5546	3	1
731	731	-0.5405	-0.3357	2	1
734	734	-0.5142	-0.2721	2	1
745	745	0.8508	-0.1854	3	1
754	754	-0.5577	0.5212	2	1
758	758	-0.8093	-0.0538	2	1
760	760	-0.5226	-0.2505	4	166
765	765	0.3231	-0.0068	4	323
784	784	1.0301	-0.0596	5	16
785	785	-0.0537	-0.3326	4	1
790	790	-0.2387	-0.1418	4	1
599	599	0.3007	0.0064	4	1
614	614	-0.361	0.6334	1	5
616	616	-0.0593	-0.3504	4	1
623	623	-0.7673	-0.2072	2	1
628	628	-0.2431	-0.1511	4	28
632	632	-0.3571	0.5705	1	100
634	634	-0.5038	-0.3724	2	4
636	636	0.7711	-0.5556	3	1
639	639	-0.7239	-0.0806	2	792
643	643	0.6991	-0.253	3	2
645	645	-0.3061	-0.3002	4	4
647	647	0.8156	-0.097	3	2
649	649	0.3475	-0.5293	3	1
654	654	0.5018	-0.4938	3	1
662	662	1.0247	-0.3337	3	169
668	668	-0.4908	-0.0595	2	6
670	670	0.7848	-0.1954	5	2
671	671	0.8472	0.5354	5	1
672	672	0.6691	0.3051	5	1
677	677	-0.6037	-0.2705	2	71
699	699	-0.6737	-0.1522	2	3
504	504	-0.6048	0.3125	2	1
507	507	0.6983	-0.2537	3	1
512	512	-0.8165	-0.1487	2	1
521	521	0.6358	0.4237	5	1
524	524	-0.8248	-0.1844	2	1
530	530	-0.0564	-0.2429	4	702
532	532	-0.7915	-0.1126	2	1
535	535	-0.8809	-0.0384	2	2
537	537	0.5832	0.4842	5	1
539	539	-0.1063	-0.122	4	2
541	541	0.916	0.4903	5	1
545	545	0.3255	0.0149	4	1
548	548	0.5042	-0.4903	3	1
552	552	0.5866	0.5177	5	1
556	556	-0.2087	0.8722	1	2
558	558	-0.7037	-0.1887	2	10
569	569	0.7871	-0.5092	3	2
571	571	-0.7741	-0.2188	2	1
572	572	-0.2592	0.8404	1	1
575	575	-0.4471	-0.4218	3	1
577	577	-0.8564	0.0113	2	2
581	581	0.3361	-0.0656	4	12
582	582	0.2378	0.6275	1	1
588	588	0.8558	0.2169	5	2
419	419	0.8578	0.2202	5	3
435	435	-0.7371	-0.2034	2	1
436	436	0.6551	-0.1268	3	1
437	437	-0.1732	-0.1553	4	3
440	440	0.3564	-0.4857	3	6
441	441	-0.9759	-0.0838	2	6
443	443	0.5113	-0.5346	3	2
444	444	0.79	-0.1547	3	6
447	447	-0.5576	-0.239	4	4
448	448	1.2403	-0.259	3	72
450	450	0.3581	-0.5266	3	2
460	460	-0.8093	0.1081	2	1
462	462	0.3269	-0.0741	4	1
467	467	0.9187	-0.4214	3	1
470	470	0.9911	0.0136	5	1
476	476	-0.1287	0.6261	1	1
477	477	0.1311	0.6262	1	1
478	478	-0.1	-0.4526	3	1
481	481	0.5308	0.62	5	2
486	486	0.7866	-0.4061	3	1
491	491	0.1249	-0.512	3	1
493	493	-0.3298	-0.1481	2	1
496	496	-0.8681	-0.0769	2	2
306	306	-0.9367	0.052	2	1
310	310	-0.9661	0.0094	2	1
313	313	0.0752	-0.3164	4	1
321	321	0.0719	0.7324	1	1
323	323	-0.7463	-0.2043	2	23
330	330	0.7737	0.575	5	1
335	335	0.6104	0.4947	5	29
337	337	0.9604	-0.3448	3	429
338	338	-0.8172	0.0462	2	1
340	340	0.6581	-0.2788	3	263
342	342	-0.6312	-0.0225	2	16
344	344	-0.8214	-0.1679	2	1
348	348	0.8313	0.2809	5	4
350	350	0.553	-0.4461	3	1
360	360	-0.8191	-0.182	2	1
363	363	-0.1424	0.7863	1	1
371	371	-0.4145	-0.2783	4	4
373	373	0.2353	-0.6311	3	1
374	374	-0.1477	-0.531	3	1
376	376	-0.2536	0.8772	1	30
381	381	1.2542	-0.2651	3	46
388	388	0.7317	0.5796	5	2
390	390	-0.7406	0.143	2	4
392	392	-0.9392	-0.178	2	3
393	393	0.7885	-0.395	3	71
394	394	0.848	0.5326	5	17
397	397	-0.9179	0.0066	2	2
408	408	0.4495	-0.611	3	2
205	205	-0.5714	0.4679	2	1
206	206	-0.5472	0.4812	2	1
211	211	-0.3947	0.5572	2	1
225	225	-0.9121	0.0079	2	31
228	228	0.3266	0.0225	4	3
230	230	0.7461	0.5879	5	1
231	231	-0.017	-0.5146	3	4
232	232	-0.7734	-0.2038	2	4
233	233	0.3452	-0.3491	3	2
234	234	-0.126	0.8143	1	1
241	241	-0.8916	-0.2225	2	10
243	243	-0.3594	-0.3161	4	1
245	245	-0.9085	-0.0553	2	1
256	256	0.8579	0.2214	5	49
261	261	-0.9414	-0.1579	2	1
263	263	-0.8078	-0.2444	2	1
267	267	0.046	0.7721	1	1
273	273	-0.8347	0.0769	2	4
275	275	-0.6691	0.2906	2	48
278	278	0.2727	-0.5024	3	38
281	281	0.7941	0.1631	5	1
283	283	1.2534	-0.2666	3	1
286	286	-0.1035	-0.4081	3	1
290	290	-0.8467	-0.1435	2	1
296	296	0.6613	-0.5555	3	3
297	297	-0.6598	-0.2288	2	2
299	299	0.9618	-0.3556	3	3
305	305	-0.8782	0.1764	2	1
111	111	1.2538	-0.2649	3	2
114	114	0.7806	-0.5093	3	2
124	124	-0.8384	-0.1012	2	16
130	130	-0.3785	-0.3221	4	1
132	132	0.7809	-0.2832	3	9
137	137	0.6899	-0.4242	3	1
140	140	0.3619	-0.5513	3	1
146	146	-0.9085	0.0008	2	12
150	150	-0.7975	-0.1819	2	1
154	154	-0.8394	-0.1286	2	1
167	167	-0.5262	0.502	2	3
169	169	1.2426	-0.2583	3	3
178	178	1.0316	-0.0605	5	13
181	181	-0.9211	-0.1799	2	16
184	184	-0.5163	-0.2826	4	2
189	189	0.9562	-0.359	3	1
191	191	0.3902	-0.1235	4	1
192	192	-0.6261	0.2958	2	3
193	193	-0.5506	0.4925	2	1
196	196	-0.8853	-0.1892	2	4
2	2	0.0174	-0.7186	3	3
5	5	0.3134	-0.008	4	17
14	14	0.0436	0.756	1	1
15	15	1.2375	-0.2718	3	1
17	17	-0.581	0.3992	2	1
20	20	0.875	-0.4801	3	2
27	27	0.8414	0.5416	5	1
32	32	0.0536	0.7325	1	6
45	45	-0.6529	-0.2548	2	1
48	48	0.6493	0.4479	5	3
57	57	-0.9149	-0.1604	2	3
70	70	0.648	0.4504	5	1
71	71	0.5051	-0.5238	3	1
80	80	-0.5564	0.4388	2	3
86	86	-0.6469	-0.1956	2	1
87	87	-0.1647	-0.1417	4	4
94	94	-0.806	-0.0075	2	9
97	97	0.3213	-0.4716	3	1
105	105	0.7054	-0.5382	3	1
6	6	0.6773	-0.5092	3	1
7	7	0.3382	-0.6328	3	11
11	11	-0.8493	-0.2022	2	1