id	label	x	y	cluster	weight
1879	1879	0.89	-0.0134	5	21
1880	1880	-0.6533	-0.2027	2	1
1287	1287	0.5829	-0.343	3	1
1679	1679	0.8385	0.5305	5	23
1680	1680	0.6649	0.4409	5	1
1682	1682	-0.1679	0.8125	1	1
3796	3796	0.6428	0.5444	5	1
3689	3689	1.0157	-0.4347	3	1
3723	3723	-0.2106	0.8983	1	2
3725	3725	0.6587	0.0755	5	6
3559	3559	-0.6824	0.0088	2	3
3577	3577	-0.1999	0.8898	1	1
3594	3594	-0.6295	-0.3796	4	1
3596	3596	0.0149	-0.727	3	1
3472	3472	-0.564	-0.4051	4	1
3481	3481	0.0219	-0.4058	4	1
3499	3499	0.6109	-0.5874	3	1
3505	3505	-0.6737	-0.3873	2	1
3507	3507	0.5654	0.6523	5	1
3526	3526	-0.2089	0.8023	1	1
3389	3389	0.1885	0.2182	1	1
3406	3406	-0.2465	-0.4776	3	1
3271	3271	0.0048	0.7786	1	1
3290	3290	0.7456	-0.5658	3	1
3306	3306	1.0863	0.2043	5	1
3323	3323	1.1556	0.2109	5	1
3336	3336	-0.2164	-0.1517	4	1
3160	3160	-0.5102	-0.3133	4	28
3161	3161	-0.2439	-0.5016	3	1
3163	3163	-0.7138	-0.2083	2	1
3193	3193	0.6966	0.6076	5	1
3214	3214	-0.3557	-0.3139	4	1
3216	3216	-0.2185	0.8606	1	3
3241	3241	0.5382	-0.5537	3	1
3249	3249	0.4418	-0.5129	3	2
3078	3078	-0.6375	-0.3519	2	6
3086	3086	-0.1039	0.8004	1	1
3092	3092	0.8121	-0.3829	5	57
3114	3114	0.5475	-0.5138	3	1
3136	3136	0.4311	-0.4695	3	1
3143	3143	-0.4112	0.6531	1	24
3146	3146	0.9758	-0.3276	3	1
3147	3147	-0.2088	0.8756	1	4
2977	2977	-0.9557	0.0762	2	1
2987	2987	0.0764	0.7466	1	1
3001	3001	0.5881	0.6499	5	1
3005	3005	0.4322	-0.4575	3	1
3049	3049	-0.0673	-0.1149	4	2
3050	3050	-0.7534	-0.1462	2	3
2867	2867	-0.1274	-0.269	4	2
2868	2868	0.522	0.1366	3	1
2870	2870	-0.6666	-0.3773	2	1
2881	2881	0.8881	0.1158	3	6
2882	2882	0.6351	0.4904	5	1
2888	2888	0.1811	0.3708	2	1
2890	2890	-0.2582	0.8428	1	1
2909	2909	-0.3774	-0.5093	3	1
2936	2936	-0.6104	-0.2243	2	1
2940	2940	0.3736	0.4561	5	1
2963	2963	-0.0058	-0.3948	2	1
2787	2787	-0.5585	0.4992	2	4
2800	2800	0.1708	0.52	5	1
2810	2810	0.9011	0.5179	5	1
2821	2821	-0.5904	0.3528	2	2
2827	2827	0.8713	0.0333	5	1
2829	2829	-0.9001	0.1675	2	5
2837	2837	0.7939	-0.3739	3	2
2850	2850	0.9292	0.49	5	1
2854	2854	-0.9801	-0.0675	2	2
2855	2855	-0.0396	0.7626	1	1
2860	2860	-0.7268	0.1933	2	1
2698	2698	-0.9887	-0.0053	2	2
2715	2715	-0.9889	-0.1555	2	4
2721	2721	-0.5846	-0.3293	2	5
2736	2736	-0.8891	-0.1716	2	1
2741	2741	-0.2121	-0.1654	4	5
2752	2752	-0.2821	0.7404	1	1
2753	2753	0.7543	0.6004	5	1
2757	2757	-0.6616	-0.3434	2	1
2575	2575	-0.8678	-0.2171	2	1
2580	2580	-0.6175	-0.2245	4	1
2586	2586	-0.7697	-0.1032	2	2
2599	2599	0.9887	-0.19	3	1
2610	2610	0.9962	-0.0162	5	3
2620	2620	-0.9511	0.0786	2	1
2630	2630	0.331	-0.4723	3	1
2631	2631	0.7896	-0.422	3	5
2635	2635	-0.5816	0.3989	2	1
2477	2477	-0.9291	0.0278	2	4
2488	2488	0.8267	0.2422	5	49
2489	2489	-0.3436	0.6359	1	4
2491	2491	0.6256	-0.3039	3	1
2496	2496	0.0201	-0.7203	3	3
2501	2501	1.1993	0.2358	5	9
2502	2502	0.7957	0.3955	5	1
2504	2504	-0.9266	0.0423	2	1
2509	2509	-0.6628	0.2704	2	1
2513	2513	0.6288	0.3505	5	1
2515	2515	-0.6036	-0.2495	2	1
2518	2518	0.619	-0.5554	3	3
2539	2539	0.7669	-0.4683	3	1
2541	2541	0.7591	-0.3239	3	2
2549	2549	0.2363	0.6727	1	1
2558	2558	0.682	-0.4531	3	4
2571	2571	1.2502	-0.2511	3	44
1291	1291	0.8642	0.1398	5	2
2378	2378	0.8969	-0.0208	5	10
2379	2379	0.0159	-0.7221	3	1
2390	2390	0.4649	0.4186	5	1
2394	2394	0.6886	-0.5758	3	1
2411	2411	-0.0295	-0.1718	4	3
2421	2421	-0.6381	-0.3632	2	1
2426	2426	-0.964	-0.0587	2	2
2428	2428	-0.8538	-0.2161	2	1
2435	2435	0.6977	0.5399	5	5
2439	2439	0.5864	0.5407	5	3
2450	2450	0.5556	0.5107	5	1
2460	2460	-0.457	0.4577	2	2
2463	2463	-0.2949	-0.1054	4	1
2271	2271	-0.7106	0.1988	2	8
2273	2273	-0.8638	0.0585	2	3
2308	2308	1.1104	0.2307	5	6
2322	2322	-0.9793	-0.1379	2	22
2331	2331	0.0361	0.7576	5	10
2333	2333	0.4966	-0.3184	3	1
2334	2334	0.8491	-0.0941	3	1
2343	2343	-0.882	0.0582	2	1
2351	2351	0.8574	0.2102	5	1
2354	2354	0.8265	-0.5075	3	2
2367	2367	0.8171	0.543	5	4
2369	2369	-0.5446	-0.2558	2	1
2372	2372	-0.6405	-0.3738	2	1
2375	2375	-0.6307	-0.3024	2	1
2184	2184	-0.2059	-0.1304	4	5
2187	2187	-0.6369	-0.3887	2	2
2196	2196	0.6396	-0.169	3	1
2197	2197	-0.6312	-0.3988	2	1
2198	2198	0.7893	-0.3992	3	1
2203	2203	0.3196	-0.6358	3	1
2207	2207	0.9548	-0.3628	3	2
2208	2208	-0.43	0.5933	2	3
2210	2210	0.9333	-0.4181	3	1
2221	2221	-0.7658	0.0784	2	3
2226	2226	-0.596	-0.1305	2	3
2228	2228	-0.7046	-0.2238	2	1
2237	2237	-0.698	-0.1212	2	2
2242	2242	0.9316	0.4891	5	2
2256	2256	-0.5308	-0.283	4	3
2260	2260	-0.5883	0.3543	2	107
2081	2081	-0.8456	-0.2281	2	2
2089	2089	0.5742	0.5104	5	1
2103	2103	0.7326	-0.1765	3	3
2110	2110	0.4709	0.6375	5	16
2113	2113	-0.6895	0.1008	2	15
2115	2115	-0.7318	-0.134	2	1
2121	2121	-0.6838	0.4018	2	2
2123	2123	0.5797	0.5246	5	2
2126	2126	-0.8421	0.0452	4	1
2127	2127	-0.1805	0.7936	1	2
2143	2143	-0.6627	-0.1788	2	1
2153	2153	-0.6885	-0.2031	2	2
2164	2164	0.2673	0.7386	5	2
2168	2168	-0.9292	-0.1773	2	1
2170	2170	0.9335	-0.4263	3	1
2172	2172	0.5783	-0.132	3	1
2177	2177	0.6766	0.4208	5	1
1984	1984	-0.4203	-0.3523	2	7
1988	1988	0.3171	-0.6695	3	1
1990	1990	0.7874	0.39	5	2
1993	1993	-0.5089	-0.3307	2	1
2003	2003	0.5046	-0.2215	3	6
2008	2008	-0.2595	0.7393	1	1
2010	2010	-0.8624	-0.156	2	4
2021	2021	-0.4865	-0.3516	4	1
2022	2022	-0.1944	0.7864	1	3
2036	2036	0.8132	-0.4817	3	1
2047	2047	-0.8717	-0.1484	2	4
2049	2049	-0.8837	-0.1554	2	1
2057	2057	0.819	-0.1808	3	3
2066	2066	0.7603	0.5582	5	2
2083	2083	0.3768	0.3258	3	67
2086	2086	-0.7484	-0.1072	2	188
1903	1903	-1.0055	-0.0369	2	2
1915	1915	-0.8206	-0.0573	2	1
1916	1916	0.9148	-0.4407	3	3
1920	1920	-0.9271	0.0881	2	1
1925	1925	0.8096	-0.5594	3	4
1927	1927	-0.2562	-0.1821	4	2
1928	1928	-0.3923	-0.3763	4	1
1932	1932	0.2158	-0.5402	3	5
1933	1933	-0.6526	0.287	2	2
1940	1940	-0.5062	0.5734	1	3
1944	1944	-0.7112	-0.342	2	2
1950	1950	-0.8273	0.0587	2	3
1952	1952	0.2335	0.5865	5	1
1953	1953	0.4642	0.6682	5	4
1955	1955	-0.2206	0.8956	1	1
1958	1958	0.4781	-0.5801	3	1
1959	1959	-0.4947	0.5266	1	5
1965	1965	-0.5232	0.5507	2	3
1966	1966	0.4074	-0.48	3	2
1972	1972	-0.3435	-0.3117	4	1
1974	1974	0.6074	0.4695	5	1
1975	1975	-0.8935	0.0461	2	1
1978	1978	-0.1808	-0.0142	5	1
1888	1888	-0.8763	0.1684	2	1
1890	1890	0.669	-0.2065	3	11
1891	1891	0.941	-0.4189	3	819
1893	1893	0.1836	-0.7057	3	1
1896	1896	-0.3684	0.597	1	1
1898	1898	-0.8408	-0.2089	2	1
1783	1783	-0.5695	-0.2549	4	1
1786	1786	0.281	-0.522	3	1
1789	1789	0.2349	-0.4207	3	1
1790	1790	-0.6988	0.3274	2	1
1793	1793	-0.719	0.3841	2	1
1799	1799	0.6608	0.4163	5	2
1801	1801	0.7603	-0.458	3	1
1802	1802	0.8411	0.5429	5	9
1816	1816	-0.751	-0.2175	2	1
1817	1817	-0.4415	0.6488	1	3
1820	1820	-0.653	-0.2553	2	1
1822	1822	-0.6175	0.451	2	2
1826	1826	-0.8134	0.1809	2	2
1827	1827	-0.7779	-0.2092	2	59
1835	1835	-0.7666	-0.2353	2	1
1839	1839	-0.9142	0.0696	2	389
1847	1847	0.8059	-0.0059	5	1
1852	1852	0.8287	0.2768	5	2
1854	1854	-0.1411	0.7986	1	6
1856	1856	-0.8242	-0.2451	2	64
1694	1694	0.7426	0.0231	3	1
1707	1707	0.7875	-0.4343	3	1
1710	1710	0.7059	-0.5599	3	1
1719	1719	0.6587	-0.4646	3	1
1721	1721	0.8404	0.5421	5	1
1722	1722	0.5797	-0.1253	3	1
1728	1728	-0.961	-0.1736	2	3
1730	1730	0.3195	-0.2241	3	2
1731	1731	-0.9	-0.2228	2	1
1733	1733	1.0269	0.0989	5	9
1735	1735	-0.3858	-0.3091	4	22
1738	1738	0.9075	0.3487	3	22
1740	1740	0.2687	-0.027	4	1
1742	1742	-0.6352	-0.3947	2	1
1756	1756	0.2035	-0.5255	3	1
1757	1757	0.684	-0.2539	3	1
1764	1764	-0.4119	0.6369	1	1
1767	1767	1.062	-0.3366	3	1
1774	1774	0.532	-0.5902	3	1
1775	1775	0.0615	0.7514	1	5
1776	1776	0.7426	-0.1692	3	2
1778	1778	-0.7217	-0.2644	2	1
1588	1588	-0.742	-0.26	2	3
1590	1590	-0.3389	0.6767	1	1
1593	1593	-0.2644	-0.2013	4	3
1594	1594	0.6641	0.435	5	1
1596	1596	0.2304	0.6853	5	1
1597	1597	-0.8326	-0.1651	2	1
1601	1601	-0.251	0.3759	4	3
1602	1602	-0.7551	-0.032	2	1
1604	1604	-0.7684	-0.1116	2	1
1605	1605	-0.0571	-0.4374	3	28
1612	1612	-0.3679	0.5866	1	4
1614	1614	0.5131	0.3764	3	1
1617	1617	-0.1233	0.7639	1	2
1621	1621	-0.8957	-0.1532	2	3
1627	1627	0.6242	0.6489	5	3
1628	1628	0.4923	-0.323	3	1
1630	1630	0.0397	-0.1822	4	1
1631	1631	-0.2143	0.8835	1	1
1632	1632	-0.4645	0.1353	5	1
1640	1640	0.7076	0.5937	5	10
1641	1641	-0.5621	-0.2839	2	1
1642	1642	0.6898	-0.2597	3	3
1656	1656	0.3262	0.2111	4	46
1662	1662	0.9366	-0.4647	3	3
1667	1667	-0.8055	-0.137	2	1
1669	1669	0.4929	-0.5359	3	1
1670	1670	0.1075	0.7596	5	3
1674	1674	-0.7599	-0.304	2	1
1689	1689	-0.8595	-0.1304	2	1
1481	1481	0.2982	-0.4434	3	1
1494	1494	0.1032	-0.3018	4	2
1499	1499	-0.5675	-0.4168	2	2
1507	1507	-0.399	0.5519	2	1
1509	1509	0.8616	-0.1331	3	4
1520	1520	0.7304	-0.1672	3	1
1521	1521	-0.9024	-0.1454	2	1
1528	1528	-0.8727	0.1729	2	1
1529	1529	0.0228	-0.7188	3	3
1537	1537	-0.6678	-0.2254	2	2
1550	1550	0.9309	0.4873	5	1
1553	1553	0.368	0.6415	5	1
1555	1555	-0.9138	-0.2185	2	2
1556	1556	-0.9145	-0.1386	2	2
1559	1559	0.7755	-0.4352	3	2
1561	1561	-0.7912	-0.0547	2	1
1563	1563	1.1939	0.2391	5	2
1564	1564	-0.7942	-0.2299	2	3
1566	1566	0.6864	-0.5343	3	1
1567	1567	-0.547	-0.3395	4	1
1570	1570	0.5124	0.5452	5	2
1572	1572	-0.6197	0.4489	2	5
1574	1574	1.2507	-0.2633	3	2
1576	1576	-0.5425	0.532	2	1
1577	1577	0.7961	0.406	5	1
1580	1580	-0.2566	-0.1849	4	2
1585	1585	-0.5408	-0.2686	4	2
1390	1390	-0.8928	0.1543	2	2
1392	1392	0.6501	-0.3082	3	2
1396	1396	0.3307	-0.1625	3	1
1397	1397	1.0282	0.1037	5	3
1398	1398	-0.9952	-0.1486	2	5
1401	1401	0.3415	-0.5458	3	11
1406	1406	-0.8349	-0.1226	2	2
1407	1407	-0.3775	0.5625	2	31
1419	1419	-0.5079	-0.3064	2	2
1420	1420	-0.2015	-0.355	3	2
1426	1426	-0.8875	-0.2086	2	13
1428	1428	-0.8992	-0.0195	2	2
1429	1429	0.3522	-0.5092	3	1
1434	1434	-0.3581	-0.1908	4	3
1435	1435	0.6381	0.465	5	2
1437	1437	0.8588	0.2193	5	2
1438	1438	0.3816	0.4654	3	4
1442	1442	0.7144	0.1851	3	3
1447	1447	0.2587	-0.0035	4	39
1450	1450	0.496	-0.5513	3	13
1461	1461	0.5266	-0.6117	3	10
1462	1462	-0.0744	-0.5033	3	28
1463	1463	0.56	-0.0043	3	2
1465	1465	-0.1941	-0.1386	4	1
1468	1468	-0.8147	-0.1249	2	1
1480	1480	-0.2396	-0.1551	4	1
1490	1490	-0.3736	-0.2714	4	1
1491	1491	0.7368	-0.4852	3	3
1493	1493	-0.5052	-0.3514	4	2
1281	1281	-0.8436	-0.0439	2	1
1282	1282	-0.6499	-0.2306	2	7
1293	1293	-0.8607	-0.2241	2	1
1295	1295	0.7192	0.3406	5	1
1296	1296	-0.7118	-0.1402	2	1
1312	1312	-0.2602	0.8281	1	1
1319	1319	0.4621	-0.5011	3	2
1320	1320	-0.821	-0.0884	2	2
1322	1322	-0.6751	-0.2034	2	2
1331	1331	0.5132	0.5299	5	1
1332	1332	0.7734	-0.259	3	163
1338	1338	0.5192	-0.5548	3	1
1341	1341	-0.2413	0.9046	1	1
1345	1345	-0.103	-0.3955	4	1
1346	1346	-0.7843	0.1731	2	92
1348	1348	1.0011	0.2506	5	1
1352	1352	0.8709	0.1792	5	1
1353	1353	0.5167	0.4115	5	13
1354	1354	0.8065	-0.4719	3	2
1359	1359	0.6738	0.422	5	1
1361	1361	-0.3257	-0.3098	4	1
1366	1366	-0.6606	-0.2841	2	46
1367	1367	-0.0404	-0.1201	4	2
1369	1369	-0.7621	0.0036	2	4
1372	1372	-0.922	0.0176	2	1
1373	1373	0.1787	0.6087	5	1
1377	1377	-0.8488	-0.1798	2	1
1380	1380	-0.0795	-0.3664	3	1
1382	1382	-0.4105	0.6473	1	1
1383	1383	-0.8748	-0.1842	2	2
1195	1195	-0.7629	0.1566	2	3
1200	1200	0.5292	-0.4778	3	1
1203	1203	-0.9772	-0.0204	2	4
1206	1206	0.4842	-0.2467	3	3
1209	1209	-0.11	0.7104	1	1
1210	1210	-0.6963	-0.1633	2	2
1211	1211	-0.9113	-0.1456	2	1
1228	1228	0.9652	-0.3664	3	1
1231	1231	0.433	-0.5176	3	2
1237	1237	0.544	-0.2085	4	3
1240	1240	0.4788	0.0846	3	1
1243	1243	-0.7237	-0.2863	2	1
1246	1246	-0.6442	-0.1836	2	1
1247	1247	0.8096	-0.0979	3	1
1250	1250	0.7673	-0.1129	3	2
1251	1251	-0.8127	-0.174	2	1
1253	1253	-0.8646	-0.0178	2	2
1254	1254	-0.4963	0.5467	1	1
1256	1256	-0.9006	-0.163	2	1
1257	1257	-0.6364	0.1368	2	1
1259	1259	0.6678	0.2359	4	4
1261	1261	-0.6024	-0.2197	2	2
1264	1264	0.7437	0.0233	3	1
1271	1271	0.7785	-0.4168	3	1
1083	1083	0.6398	0.4477	5	1
1086	1086	0.0097	-0.7179	3	13
1088	1088	-0.7755	-0.12	2	1
1089	1089	1.1994	0.2346	5	1
1090	1090	0.2371	-0.1306	4	5
1096	1096	-0.5055	0.5551	2	1
1099	1099	0.5906	-0.5965	3	2
1102	1102	0.5842	0.6269	5	5
1105	1105	-0.8382	-0.1114	2	3
1108	1108	0.2367	-0.5421	3	1
1112	1112	-0.8152	-0.226	2	1
1115	1115	-0.9894	-0.0036	2	1
1117	1117	-0.9237	-0.0745	2	1
1119	1119	0.9203	-0.3629	3	5
1120	1120	1.0309	-0.0603	5	49
1122	1122	-0.6704	-0.3347	2	6
1125	1125	0.7118	0.5784	5	7
1131	1131	-0.9317	-0.0636	2	1
1134	1134	-0.8219	-0.1451	2	2
1136	1136	0.6017	-0.5594	3	1
1138	1138	0.6953	0.4638	5	1
1143	1143	0.271	-0.6646	3	1
1145	1145	0.5989	0.5657	5	3
1147	1147	0.8291	0.2833	5	3
1150	1150	-0.0435	0.5302	1	2
1151	1151	-0.5176	-0.3166	2	2
1152	1152	0.0194	-0.3326	4	1
1154	1154	0.4684	0.4188	5	1
1159	1159	-0.8362	-0.2009	2	1
1166	1166	0.6583	0.5782	5	6
1167	1167	1.0205	-0.3479	3	2
1168	1168	-0.7058	0.0403	2	3
1172	1172	0.8754	-0.2726	3	10
1174	1174	-0.9234	-0.1938	2	1
1178	1178	-0.1943	-0.1957	4	9
994	994	-0.4453	0.3677	5	1
998	998	0.4067	0.0232	4	1
1000	1000	1.0342	0.155	5	1
1001	1001	0.0409	-0.5536	3	4
1008	1008	-0.6504	0.2417	2	2
1009	1009	1.1243	0.1337	5	9
1011	1011	-0.8096	0.2094	2	1
1013	1013	-0.795	-0.198	2	16
1016	1016	0.544	0.5529	5	2
1021	1021	-0.5996	0.2898	2	1
1023	1023	0.1172	0.0319	2	1
1027	1027	0.7333	0.1033	3	2
1029	1029	0.5778	0.5596	5	1
1030	1030	-0.9821	-0.0933	2	122
1031	1031	0.485	-0.0784	4	2
1032	1032	0.2983	0.3239	5	3
1033	1033	0.9569	0.0914	5	1
1035	1035	1.1866	0.2191	5	1
1040	1040	0.5073	-0.4989	3	936
1045	1045	0.1878	0.6704	1	29
1046	1046	0.6557	0.4477	5	10
1048	1048	-0.8	0.0336	2	1
1055	1055	-0.1657	0.7697	1	56
1058	1058	-0.7379	-0.0181	2	2
1071	1071	0.0716	-0.4659	3	1
1073	1073	-0.5422	0.4795	2	27
1079	1079	0.9338	0.3687	5	1
1091	1091	1.2113	0.2325	5	17
1094	1094	0.6428	-0.332	3	1
905	905	0.3088	0.051	4	1
906	906	0.6613	0.4119	5	1
907	907	0.2934	-0.6468	3	1
910	910	0.4973	-0.5607	3	6
911	911	-0.098	0.7602	1	10
913	913	0.8167	0.4603	5	1
915	915	-0.1108	-0.1132	4	6
917	917	-0.3702	0.6864	1	3
921	921	-0.7846	0.0547	2	1
922	922	-0.7647	0.0339	2	1
924	924	-0.9356	0.001	2	2
926	926	0.5935	-0.4735	3	1
939	939	0.3918	-0.4515	3	3
940	940	0.4022	-0.4354	3	2
941	941	-0.9277	0.0048	2	1
947	947	0.9795	-0.3519	3	1
951	951	-0.6485	0.2369	2	13
954	954	-0.8582	-0.0003	2	2
955	955	-0.36	-0.3247	4	1
956	956	-0.8583	-0.1173	2	3
957	957	0.7614	-0.3226	3	58
958	958	-0.0078	0.7722	1	2
959	959	0.4608	-0.5284	3	3
961	961	-0.6219	0.4531	2	6
965	965	-0.6862	-0.0828	2	1
968	968	1.2444	-0.2592	3	1
970	970	0.762	0.5478	5	2
975	975	-0.8271	0.0894	2	1
978	978	-0.2229	-0.1402	4	1
979	979	-0.8299	0.0066	2	2
981	981	0.6364	0.3591	5	7
983	983	0.7632	0.5457	5	3
991	991	-0.329	0.6902	1	2
796	796	-0.3196	-0.3064	4	32
799	799	0.9101	-0.5096	3	4
804	804	-0.0595	-0.4019	4	3
805	805	-0.7991	-0.1491	2	1
806	806	-0.2562	0.3861	5	1
808	808	-0.3507	-0.2894	4	4
811	811	1.2136	0.2409	5	3
812	812	0.5353	-0.1837	3	23
814	814	-0.5196	0.5567	2	2
816	816	0.5806	0.5367	5	2
818	818	-0.3518	-0.309	4	1
821	821	0.6773	-0.2575	3	1
825	825	-0.0195	0.7725	1	15
831	831	0.6761	0.6251	5	13
832	832	-0.9005	0.005	2	3
839	839	0.026	-0.3668	3	2
840	840	-0.1252	0.8056	1	2
848	848	-0.5852	0.4182	2	2
849	849	-0.7482	-0.0562	2	5
851	851	0.9884	-0.3177	3	6
852	852	0.7973	-0.3594	3	1
855	855	-0.6974	-0.1729	2	1
864	864	-0.7445	-0.1908	2	3
865	865	-0.7261	-0.2572	2	4
866	866	0.6408	-0.2559	3	3
875	875	-0.8015	-0.2029	2	1
878	878	-0.9102	-0.0011	2	9
900	900	-0.8952	0.1415	2	1
693	693	1.2555	-0.2649	3	2
704	704	-0.7904	0.1414	2	1
709	709	0.0219	-0.7221	3	2
712	712	-0.4367	-0.3601	2	3
716	716	-0.8878	-0.1377	2	1
721	721	-0.5097	0.5657	1	6
726	726	-0.0519	-0.2563	4	1
727	727	1.212	0.237	5	4
728	728	-1.0097	-0.1652	2	2
729	729	0.7793	-0.5082	3	1
731	731	-0.5405	-0.3357	2	1
733	733	-0.5587	-0.3147	2	8
734	734	-0.5142	-0.2721	2	2
736	736	-0.1982	-0.1545	4	5
738	738	-0.1791	0.8538	1	1
741	741	0.5241	-0.5319	3	1
746	746	-0.2074	0.8008	1	1
751	751	-0.2497	-0.1299	4	1
753	753	0.4856	-0.4753	3	45
758	758	-0.8093	-0.0538	2	1
766	766	1.2431	-0.2596	3	1
768	768	-0.8544	-0.1898	2	1
769	769	0.6987	-0.2556	3	1
772	772	-0.6128	-0.3835	2	2
774	774	0.8736	-0.4808	3	4
775	775	0.9862	-0.3103	3	2
777	777	-0.6384	0.3829	2	6
778	778	-0.8196	0.0163	2	1
779	779	1.0317	-0.0606	5	3
783	783	-0.5485	-0.1658	4	3
784	784	1.0301	-0.0596	5	2
787	787	0.6605	-0.5912	3	1
795	795	0.3451	-0.3831	3	1
598	598	-0.9469	-0.1583	2	1
601	601	-0.1905	0.8416	1	3
602	602	-0.6123	0.4551	2	3
611	611	-0.775	-0.2092	2	1
616	616	-0.0593	-0.3504	4	1
620	620	-0.0573	-0.3423	4	2
621	621	-0.8912	-0.214	2	2
622	622	-0.5059	0.5772	1	1
630	630	0.7955	-0.4769	3	5
632	632	-0.3571	0.5705	1	5
634	634	-0.5038	-0.3724	2	1
635	635	-0.9001	-0.0655	2	31
636	636	0.7711	-0.5556	3	3
639	639	-0.7239	-0.0806	2	9
640	640	0.7905	0.2461	5	1
642	642	-0.9555	-0.1365	2	4
645	645	-0.3061	-0.3002	4	10
646	646	-0.7837	-0.2037	2	15
647	647	0.8156	-0.097	3	16
648	648	0.7947	0.5753	5	2
651	651	0.0031	-0.1565	4	1
657	657	-0.0896	-0.4408	3	3
658	658	0.2694	-0.6502	3	1
662	662	1.0247	-0.3337	3	1
681	681	-0.854	-0.1804	2	1
682	682	0.8434	-0.4805	3	1
686	686	-0.5585	-0.1958	4	2
696	696	0.824	0.2773	5	8
698	698	-0.452	0.001	2	2
507	507	0.6983	-0.2537	3	1
510	510	-0.6047	-0.3631	2	1
521	521	0.6358	0.4237	5	20
522	522	-0.7306	-0.2474	2	2
525	525	0.781	-0.3954	3	5
526	526	0.5414	-0.2072	4	4
527	527	0.4161	-0.4405	3	1
529	529	0.8223	0.4484	5	1
530	530	-0.0564	-0.2429	4	5
532	532	-0.7915	-0.1126	2	1
534	534	-0.9612	-0.1395	2	1
538	538	-0.9337	-0.172	2	5
540	540	0.7297	0.4907	5	1
544	544	-0.326	-0.182	4	11
546	546	0.2828	-0.6299	3	3
547	547	0.6423	0.4007	5	1
551	551	-0.9649	-0.1374	2	4
556	556	-0.2087	0.8722	1	3
558	558	-0.7037	-0.1887	2	1
560	560	-0.616	0.3357	2	3
579	579	-0.5261	0.5173	1	2
580	580	0.8522	0.532	5	1
583	583	0.7872	-0.396	3	1
584	584	0.6728	0.426	5	1
586	586	0.7545	0.5453	5	1
588	588	0.8558	0.2169	5	1
592	592	0.8346	-0.0631	5	2
398	398	0.2892	-0.0283	4	1
403	403	0.751	-0.4552	3	1
404	404	-0.7754	-0.1472	2	2
412	412	0.8885	-0.5032	3	1
416	416	-0.7813	-0.0879	2	2
417	417	0.3039	-0.4701	3	1
418	418	-0.782	0.2264	2	8
419	419	0.8578	0.2202	5	1
420	420	-0.179	-0.1228	4	6
422	422	0.0675	0.4825	4	3
426	426	0.885	-0.514	3	2
430	430	-0.8893	0.0712	2	3
431	431	-0.8102	-0.2366	2	2
435	435	-0.7371	-0.2034	2	6
439	439	-0.8314	-0.2077	2	1
444	444	0.79	-0.1547	3	1
445	445	-0.8702	-0.0657	2	3
447	447	-0.5576	-0.239	4	1
450	450	0.3581	-0.5266	3	1
451	451	0.7133	0.3782	5	5
452	452	1.2127	0.2365	5	2
453	453	0.7842	-0.3967	3	7
457	457	-0.7287	0.0179	2	1
462	462	0.3269	-0.0741	4	2
464	464	-0.5682	-0.2844	2	1
466	466	0.2601	-0.6425	3	40
467	467	0.9187	-0.4214	3	4
470	470	0.9911	0.0136	5	1
471	471	0.6997	0.4111	5	1
474	474	1.0264	0.2746	5	1
475	475	0.65	-0.1701	3	5
477	477	0.1311	0.6262	1	2
478	478	-0.1	-0.4526	3	1
483	483	0.6815	-0.1121	3	2
486	486	0.7866	-0.4061	3	9
491	491	0.1249	-0.512	3	3
492	492	-0.6221	-0.2528	2	4
495	495	0.7284	0.5947	5	1
496	496	-0.8681	-0.0769	2	4
306	306	-0.9367	0.052	2	4
310	310	-0.9661	0.0094	2	7
311	311	-0.8539	-0.2063	2	1
313	313	0.0752	-0.3164	4	25
314	314	0.8998	-0.4821	3	1
317	317	-0.5969	0.4552	2	6
319	319	0.1779	0.5059	1	4
324	324	-0.6715	-0.1597	4	22
325	325	-0.9443	-0.1806	2	1
328	328	0.7181	0.4903	5	1
332	332	0.4669	0.42	5	4
335	335	0.6104	0.4947	5	2
340	340	0.6581	-0.2788	3	1
344	344	-0.8214	-0.1679	2	2
347	347	-0.3398	0.6445	1	1
348	348	0.8313	0.2809	5	13
351	351	0.9473	-0.4192	3	1
353	353	-0.2941	-0.2794	4	3
357	357	0.7608	-0.5297	3	3
359	359	0.1489	-0.6583	3	33
361	361	0.7205	-0.5465	3	1
362	362	1.2513	-0.2631	3	4
366	366	-0.5697	0.4582	2	1
369	369	0.5129	-0.5347	3	1
371	371	-0.4145	-0.2783	4	4
376	376	-0.2536	0.8772	1	26
377	377	-0.1813	-0.1583	4	1
381	381	1.2542	-0.2651	3	15
383	383	-0.9544	-0.1399	2	2
385	385	0.8042	-0.3874	3	4
388	388	0.7317	0.5796	5	60
393	393	0.7885	-0.395	3	33
408	408	0.4495	-0.611	3	3
202	202	0.7781	0.3597	5	2
210	210	-0.0258	0.0539	2	1
211	211	-0.3947	0.5572	2	4
217	217	0.5212	0.5304	5	8
218	218	-0.9519	-0.1537	2	2
220	220	-0.8194	-0.0898	2	17
222	222	-0.3577	-0.3257	4	10
226	226	-0.8947	-0.0028	2	1
227	227	-0.2016	0.7947	1	24
230	230	0.7461	0.5879	5	4
233	233	0.3452	-0.3491	3	376
234	234	-0.126	0.8143	1	3
236	236	0.78	-0.5482	3	2
238	238	0.5133	0.6275	5	1
240	240	1.1252	0.1747	5	2
241	241	-0.8916	-0.2225	2	3
253	253	-0.2121	0.8767	1	1
256	256	0.8579	0.2214	5	1
257	257	0.8349	0.2419	5	1
259	259	-0.9831	-0.0812	2	18
261	261	-0.9414	-0.1579	2	3
265	265	-0.5414	-0.2726	4	1
267	267	0.046	0.7721	1	2
268	268	-0.7215	-0.2332	2	2
272	272	0.3433	-0.4958	3	1
273	273	-0.8347	0.0769	2	1
274	274	0.871	-0.5339	3	5
276	276	-0.8963	-0.1911	2	35
277	277	0.6748	-0.4197	3	1
278	278	0.2727	-0.5024	3	1
285	285	-0.413	0.4477	2	1
286	286	-0.1035	-0.4081	3	2
288	288	-0.8612	0.1628	2	2
290	290	-0.8467	-0.1435	2	1
291	291	-0.9214	0.0121	2	2
293	293	-0.7456	-0.2255	2	5
294	294	0.5646	0.6327	5	15
296	296	0.6613	-0.5555	3	1
298	298	0.6329	-0.1348	3	1
299	299	0.9618	-0.3556	3	111
300	300	-0.8023	-0.1045	2	1
301	301	1.1835	0.1904	5	5
112	112	0.5923	-0.5576	3	1
114	114	0.7806	-0.5093	3	2
115	115	-0.373	-0.3652	4	40
116	116	-0.0395	0.7429	1	1
117	117	0.3143	0.0128	4	1
122	122	0.9475	-0.4203	3	1
123	123	-0.3163	0.7234	1	22
124	124	-0.8384	-0.1012	2	4
125	125	-0.7872	0.1482	2	8
126	126	0.935	-0.3421	3	3
128	128	-0.9289	-0.1363	2	6
130	130	-0.3785	-0.3221	4	2
132	132	0.7809	-0.2832	3	2
136	136	-0.6191	-0.2169	2	1
137	137	0.6899	-0.4242	3	29
140	140	0.3619	-0.5513	3	3
141	141	-0.8174	-0.021	2	2
143	143	-0.9183	-0.0852	2	3
144	144	-0.5287	0.532	2	2
150	150	-0.7975	-0.1819	2	1
153	153	-0.2667	0.7926	1	6
156	156	0.4911	-0.4494	3	1
157	157	-0.5574	0.5176	2	1
158	158	-0.902	-0.2036	2	2
160	160	-0.6265	0.4477	2	2
162	162	0.6881	0.4053	5	1
164	164	1.2486	-0.2524	3	1
165	165	-0.3412	-0.3154	4	1
166	166	-0.7713	-0.1828	2	2
170	170	0.6154	-0.5662	3	3
171	171	-0.5527	-0.2825	2	2
173	173	-0.6551	-0.206	2	2
174	174	0.5239	-0.5618	3	3
178	178	1.0316	-0.0605	5	11
181	181	-0.9211	-0.1799	2	2
184	184	-0.5163	-0.2826	4	4
189	189	0.9562	-0.359	3	1
190	190	-0.6494	-0.0118	2	1
191	191	0.3902	-0.1235	4	27
192	192	-0.6261	0.2958	2	10
196	196	-0.8853	-0.1892	2	2
198	198	-0.7332	0.1462	2	1
215	215	-0.3425	0.6324	1	1
0	0	-0.7941	-0.1434	2	1
1	1	0.3896	-0.1234	4	1
2	2	0.0174	-0.7186	3	6
3	3	-0.7155	-0.2076	2	9
5	5	0.3134	-0.008	4	4
14	14	0.0436	0.756	1	12
15	15	1.2375	-0.2718	3	143
17	17	-0.581	0.3992	2	1
19	19	0.3292	-0.4732	3	13
23	23	0.8403	-0.4824	3	1
28	28	-0.6843	-0.1651	2	59
30	30	0.9223	-0.4044	3	1
32	32	0.0536	0.7325	1	1
33	33	0.7812	0.5589	5	2
35	35	-0.6702	0.2305	2	7
36	36	0.2753	-0.4378	3	8
38	38	0.4308	-0.6236	3	8
45	45	-0.6529	-0.2548	2	7
47	47	0.3154	0.0202	4	1
48	48	0.6493	0.4479	5	1
50	50	0.4617	-0.0895	4	56
51	51	0.6813	-0.5389	3	2
54	54	-0.8273	-0.022	2	5
57	57	-0.9149	-0.1604	2	3
58	58	-0.2642	-0.1814	4	2
62	62	-0.8353	-0.0647	2	11
63	63	-0.487	-0.2136	4	3
66	66	-0.2604	-0.1819	4	3
71	71	0.5051	-0.5238	3	385
75	75	-0.6245	-0.0229	2	3
78	78	-0.7561	0.2026	2	2
80	80	-0.5564	0.4388	2	363
81	81	0.6022	-0.5521	3	2
83	83	0.6427	-0.5631	3	9
85	85	0.0468	0.7518	1	1
87	87	-0.1647	-0.1417	4	1
88	88	0.5046	0.5356	5	1
91	91	0.4886	-0.3976	3	1
97	97	0.3213	-0.4716	3	1
98	98	-0.8035	-0.239	2	9
99	99	-0.8322	-0.0972	2	1
100	100	-0.1334	0.7659	1	3
101	101	-0.8863	-0.1494	2	92
105	105	0.7054	-0.5382	3	27
6	6	0.6773	-0.5092	3	2
7	7	0.3382	-0.6328	3	23
8	8	0.5269	-0.5983	3	8
11	11	-0.8493	-0.2022	2	10
12	12	0.6135	-0.5599	3	3
13	13	-0.8374	-0.2054	2	1