id	label	x	y	cluster	weight
1879	1879	0.89	-0.0134	5	5
1880	1880	-0.6533	-0.2027	2	6
1881	1881	0.5691	0.5155	5	1
1883	1883	-0.3649	-0.3165	4	5
1884	1884	-0.3183	0.6532	1	2
1885	1885	-0.5521	-0.2659	2	1
1886	1886	-0.2042	0.805	1	11
1286	1286	0.0111	0.0428	4	1
1287	1287	0.5829	-0.343	3	1
1288	1288	0.765	-0.1196	3	1
1289	1289	-0.7918	0.0806	2	76
3975	3975	-0.882	-0.2811	2	4
3982	3982	0.6013	-0.621	3	1
3996	3996	-0.2251	0.9222	1	1
1679	1679	0.8385	0.5305	5	1
1681	1681	-0.4131	0.689	1	1
1682	1682	-0.1679	0.8125	1	9
3854	3854	-0.7496	0.007	2	2
3860	3860	0.7825	-0.5486	3	1
3878	3878	-0.2035	0.789	1	1
3901	3901	-0.9161	0.1383	2	3
3908	3908	-0.5891	-0.4392	2	1
3920	3920	-0.5892	-0.4169	4	1
3922	3922	0.8438	-0.2121	3	1
3928	3928	0.8373	0.4725	5	1
3930	3930	-0.2529	-0.1792	4	3
3931	3931	0.9055	-0.4787	5	1
3762	3762	-0.7666	-0.3633	2	5
3765	3765	0.7323	-0.5539	3	3
3766	3766	-0.268	-0.2187	4	1
3783	3783	-0.3495	-0.4845	4	2
3787	3787	-0.6522	-0.4206	2	1
3792	3792	-0.2151	0.9149	1	1
3797	3797	0.705	0.6435	5	1
3815	3815	-0.8448	-0.2839	2	1
3817	3817	0.6344	0.4481	5	2
3827	3827	0.8049	0.2791	5	2
3828	3828	-0.654	-0.3814	2	1
3831	3831	-0.8989	-0.1007	2	1
3652	3652	-0.1807	0.8921	1	2
3663	3663	-0.8127	0.0823	2	1
3667	3667	-0.6963	-0.4142	2	1
3669	3669	-0.2039	0.9207	1	1
3684	3684	-0.7983	-0.1468	2	1
3706	3706	-0.1949	-0.4814	4	1
3720	3720	0.0224	-0.7251	3	1
3727	3727	-0.2601	-0.1801	4	1
3728	3728	-0.3927	0.5853	1	1
3742	3742	-0.8996	0.1909	2	2
3557	3557	-0.201	0.8809	1	1
3559	3559	-0.6824	0.0088	2	2
3565	3565	-0.564	-0.5143	2	2
3567	3567	-0.0512	0.1629	1	4
3569	3569	-0.8343	-0.1891	2	1
3572	3572	-0.1573	0.8504	1	1
3573	3573	0.8651	-0.5053	3	1
3577	3577	-0.1999	0.8898	1	1
3603	3603	-0.829	-0.2013	2	1
3609	3609	0.7944	0.4743	5	1
3610	3610	-0.5848	0.4267	2	1
3612	3612	-0.3535	-0.0593	3	1
3615	3615	0.0181	-0.7249	3	1
3616	3616	-0.206	0.9078	1	1
3623	3623	-1.0317	-0.1696	2	2
3626	3626	-0.9218	-0.0013	2	1
3627	3627	0.3828	-0.4008	3	1
3631	3631	-0.6972	-0.4321	2	1
3636	3636	0.4576	-0.5774	3	5
3637	3637	-0.7516	-0.3527	2	1
3644	3644	-0.4993	-0.4051	4	1
3648	3648	-0.9486	-0.0777	2	1
3448	3448	-0.909	-0.1853	2	2
3470	3470	-0.1376	0.7746	1	2
3472	3472	-0.564	-0.4051	4	1
3478	3478	1.0394	-0.2917	5	8
3481	3481	0.0219	-0.4058	4	85
3485	3485	0.879	-0.4943	3	2
3487	3487	-0.8023	0.2422	2	1
3493	3493	0.0308	0.7845	1	1
3497	3497	-0.2096	0.8794	1	1
3499	3499	0.6109	-0.5874	3	1
3505	3505	-0.6737	-0.3873	2	1
3512	3512	0.5963	-0.6508	3	1
3515	3515	0.8133	0.2814	3	3
3522	3522	0.5437	-0.0879	3	9
3528	3528	0.8477	-0.5189	5	2
3531	3531	0.7313	0.5361	5	1
3541	3541	1.1866	0.1863	5	1
3542	3542	-0.8967	-0.2549	2	1
3549	3549	-0.1732	0.8534	1	2
3552	3552	0.2829	0.7348	5	1
3352	3352	-0.7397	0.1487	2	5
3355	3355	0.6464	-0.5802	3	4
3357	3357	1.1583	0.2082	5	6
3365	3365	0.4766	0.2206	4	1
3367	3367	0.6972	0.6196	5	21
3389	3389	0.1885	0.2182	1	23
3392	3392	0.388	-0.4436	3	3
3393	3393	-0.8106	-0.2721	2	1
3394	3394	-0.6921	0.1644	2	1
3396	3396	0.5775	0.6185	5	33
3398	3398	-0.7758	-0.1754	2	1
3400	3400	-0.1879	0.8518	1	1
3412	3412	-0.7977	0.1321	2	1
3414	3414	0.8561	0.5348	5	1
3415	3415	-0.918	0.0629	2	5
3419	3419	0.7353	-0.1113	3	38
3423	3423	0.8313	0.0135	3	2
3428	3428	-0.9814	-0.0487	2	2
3265	3265	-0.233	0.9127	1	1
3267	3267	1.0314	0.1014	5	20
3271	3271	0.0048	0.7786	1	1
3276	3276	-0.7982	0.1997	2	2
3277	3277	-0.605	-0.4367	3	1
3278	3278	-0.8006	-0.2574	2	1
3280	3280	0.7433	0.6152	5	1
3287	3287	0.6769	-0.2335	3	3
3289	3289	-0.9358	-0.0456	2	1
3290	3290	0.7456	-0.5658	3	2
3294	3294	-0.7176	-0.3411	2	1
3298	3298	-0.2205	-0.0549	4	5
3303	3303	0.0829	-0.7317	3	2
3305	3305	-0.5461	-0.2715	2	1
3306	3306	1.0863	0.2043	5	1
3309	3309	-0.2575	-0.1737	4	8
3319	3319	0.2494	0.4871	1	1
3322	3322	0.7966	-0.298	3	1
3323	3323	1.1556	0.2109	5	2
3325	3325	-0.9263	0.1172	4	4
3327	3327	0.8323	0.1904	5	1
3332	3332	0.5902	-0.5653	3	1
3333	3333	-0.2384	0.8916	1	1
3337	3337	-0.9737	0.0893	2	5
3345	3345	0.3752	-0.6069	3	1
3364	3364	-0.7993	-0.1354	2	3
3173	3173	-0.1869	0.7606	1	1
3174	3174	-0.6249	-0.1896	2	1
3175	3175	-0.6206	-0.2315	2	2
3181	3181	0.7288	0.5919	5	2
3191	3191	-1.034	-0.1279	2	1
3193	3193	0.6966	0.6076	5	1
3198	3198	0.7433	-0.5433	3	5
3204	3204	-0.1998	-0.1533	4	2
3211	3211	0.6595	0.3601	3	1
3212	3212	0.4303	0.5544	1	2
3216	3216	-0.2185	0.8606	1	1
3220	3220	-0.1472	0.7898	1	1
3222	3222	-0.9807	-0.1984	2	1
3224	3224	-0.2337	0.8942	1	4
3225	3225	-0.0475	0.8121	1	10
3227	3227	0.6334	-0.574	3	2
3233	3233	0.4358	-0.1746	3	3
3243	3243	-0.5757	0.5011	2	1
3245	3245	-0.8978	-0.1792	2	2
3248	3248	-0.3842	0.7415	1	1
3249	3249	0.4418	-0.5129	3	1
3255	3255	-0.0228	0.5985	1	1
3072	3072	-0.8541	0.1999	2	2
3080	3080	0.7142	0.6119	5	1
3083	3083	-0.6471	-0.389	2	2
3089	3089	-0.6771	0.2005	2	2
3090	3090	-0.6105	-0.3797	4	2
3097	3097	0.7954	-0.4039	3	8
3102	3102	-0.4989	0.5421	2	2
3106	3106	0.231	0.3058	4	8
3113	3113	0.8355	0.2555	5	2
3115	3115	0.6627	-0.5563	3	13
3116	3116	-0.2948	-0.2804	4	5
3123	3123	-1.0243	-0.161	2	16
3127	3127	-0.6367	-0.4069	3	8
3129	3129	-0.5267	0.508	1	2
3130	3130	0.6884	-0.4685	3	1
3132	3132	0.419	0.061	3	1
3137	3137	-0.2274	-0.1242	4	25
3140	3140	-0.74	-0.2913	2	1
3143	3143	-0.4112	0.6531	1	1
3145	3145	-0.2442	-0.1789	4	1
3146	3146	0.9758	-0.3276	3	19
3148	3148	1.1747	0.1947	5	2
3150	3150	-0.6771	-0.2138	2	3
3153	3153	1.2525	-0.2717	3	1
3158	3158	-0.1296	0.5212	5	1
3171	3171	-0.6601	0.4434	2	5
2958	2958	0.7946	-0.5415	3	1
2977	2977	-0.9557	0.0762	2	2
2980	2980	0.1964	-0.5954	3	2
2982	2982	0.7498	0.6125	5	2
2983	2983	0.3261	0.3218	3	2
2986	2986	0.9817	-0.3499	3	1
2987	2987	0.0764	0.7466	1	1
2988	2988	-0.2592	0.8686	1	3
3002	3002	-0.7801	-0.0825	2	1
3003	3003	-0.7891	-0.18	2	2
3005	3005	0.4322	-0.4575	3	1
3006	3006	0.4431	-0.4753	3	2
3007	3007	0.1047	-0.4867	3	1
3009	3009	0.3033	-0.6523	3	1
3014	3014	-0.8521	-0.0685	4	2
3020	3020	-0.2245	0.9058	1	3
3029	3029	0.933	0.3225	5	1
3032	3032	0.6248	-0.5985	3	1
3037	3037	0.2868	-0.3993	3	2
3041	3041	-0.7993	-0.2138	2	1
3045	3045	-0.9346	0.0132	2	1
3049	3049	-0.0673	-0.1149	4	13
3052	3052	-0.8095	0.0304	2	4
3053	3053	-0.805	0.2239	2	1
3056	3056	-0.8273	-0.152	2	1
3058	3058	-0.8469	-0.2541	2	1
3059	3059	-0.8711	-0.0087	2	13
3060	3060	0.834	-0.5017	3	1
2867	2867	-0.1274	-0.269	4	2
2868	2868	0.522	0.1366	3	2
2872	2872	0.8472	-0.2617	5	1
2873	2873	0.3168	0.7246	5	1
2877	2877	-0.3477	0.6876	1	2
2888	2888	0.1811	0.3708	2	12
2890	2890	-0.2582	0.8428	1	1
2891	2891	-0.9459	0.0255	2	1
2892	2892	-0.2417	0.9059	1	1
2895	2895	-0.3864	-0.2729	4	1
2903	2903	0.3532	-0.6347	3	1
2904	2904	0.4209	-0.4482	3	18
2906	2906	0.0478	0.4852	4	7
2908	2908	-0.218	0.8918	1	1
2915	2915	-0.094	-0.4247	3	5
2925	2925	0.8377	-0.0662	5	1
2928	2928	0.2582	-0.5676	3	1
2934	2934	1.0784	0.2123	5	11
2935	2935	0.7054	0.6155	5	34
2936	2936	-0.6104	-0.2243	2	4
2937	2937	0.6722	-0.2956	3	1
2940	2940	0.3736	0.4561	5	7
2942	2942	0.8369	0.5574	5	2
2953	2953	-0.5958	0.5115	1	97
2956	2956	0.5404	-0.5734	3	1
2957	2957	-0.8234	-0.2617	2	2
2963	2963	-0.0058	-0.3948	2	1
2967	2967	-0.7855	0.2459	2	10
2968	2968	-0.6557	-0.2492	2	1
2970	2970	0.072	0.7017	5	1
2774	2774	0.8766	-0.5365	3	1
2782	2782	1.1872	0.2187	5	1
2788	2788	0.7485	-0.141	3	3
2794	2794	0.7291	0.5689	5	2
2797	2797	0.7253	-0.4462	5	8
2798	2798	1.2518	-0.2615	3	1
2800	2800	0.1708	0.52	5	1
2801	2801	-0.6266	-0.0208	2	4
2802	2802	-0.2075	0.8812	1	2
2803	2803	0.293	0.3947	5	1
2805	2805	-0.7839	-0.3075	2	1
2810	2810	0.9011	0.5179	5	9
2814	2814	0.7204	-0.5638	3	2
2815	2815	-0.1843	0.8607	1	1
2821	2821	-0.5904	0.3528	2	2
2828	2828	0.594	0.4978	5	1
2829	2829	-0.9001	0.1675	2	4
2830	2830	0.0065	0.7693	1	1
2832	2832	-0.8549	-0.2429	2	41
2841	2841	-0.8795	-0.1684	2	3
2842	2842	-0.2143	0.8669	1	1
2845	2845	1.2444	-0.2559	3	5
2848	2848	0.6463	0.4961	5	12
2851	2851	-0.6391	0.4538	2	1
2852	2852	-0.2268	0.9016	1	2
2854	2854	-0.9801	-0.0675	2	20
2855	2855	-0.0396	0.7626	1	10
2859	2859	0.1525	-0.6087	3	4
2861	2861	0.7395	0.5932	5	1
2667	2667	-1.0176	-0.1676	2	8
2668	2668	0.3273	0.6017	5	11
2671	2671	-0.261	0.8754	1	5
2684	2684	0.5091	0.6295	5	1
2685	2685	-1.0311	-0.0736	2	2
2687	2687	0.7029	-0.484	3	1
2688	2688	0.6387	-0.209	3	4
2689	2689	1.2566	-0.2634	3	35
2690	2690	-0.5832	-0.34	2	1
2694	2694	0.8202	0.47	5	1
2698	2698	-0.9887	-0.0053	2	8
2699	2699	-0.8107	-0.253	2	3
2700	2700	-0.1905	-0.1415	4	1
2704	2704	0.741	-0.1702	3	2
2705	2705	0.676	-0.5207	3	18
2706	2706	-0.2205	0.8928	1	2
2711	2711	0.7576	0.5881	5	5
2712	2712	0.587	-0.5035	3	2
2718	2718	-0.8381	-0.0829	2	1
2722	2722	-0.5995	-0.22	4	1
2725	2725	-0.7856	0.1248	2	4
2729	2729	0.8655	-0.4911	3	4
2732	2732	-0.7151	-0.2971	2	6
2734	2734	0.6959	-0.5767	3	8
2736	2736	-0.8891	-0.1716	2	4
2737	2737	-0.2604	-0.1841	4	4
2741	2741	-0.2121	-0.1654	4	28
2742	2742	0.7841	-0.1955	5	1
2743	2743	0.9495	-0.4179	3	1
2749	2749	-0.9642	-0.0022	2	2
2751	2751	0.3898	-0.1227	4	2
2752	2752	-0.2821	0.7404	1	1
2753	2753	0.7543	0.6004	5	1
2757	2757	-0.6616	-0.3434	2	3
2759	2759	0.5964	0.642	5	8
2761	2761	-1.0051	-0.1784	2	1
2762	2762	0.6427	0.4238	5	1
2764	2764	0.1209	0.7166	1	6
2766	2766	-0.7188	-0.3524	2	20
2770	2770	1.0341	-0.0689	5	7
2771	2771	-0.9982	-0.0479	2	2
2575	2575	-0.8678	-0.2171	2	2
2576	2576	0.6845	0.1395	3	2
2578	2578	-0.7098	-0.3307	2	4
2579	2579	-0.2466	-0.4419	3	10
2580	2580	-0.6175	-0.2245	4	5
2581	2581	-0.9028	-0.1114	2	1
2585	2585	-0.9477	0.0358	2	5
2586	2586	-0.7697	-0.1032	2	5
2592	2592	-0.3153	0.7456	1	3
2593	2593	0.5659	-0.5704	3	45
2594	2594	0.0485	0.7588	5	1
2595	2595	0.756	-0.0938	3	6
2596	2596	-0.1402	0.8481	1	4
2597	2597	-0.4392	-0.3034	2	2
2599	2599	0.9887	-0.19	3	4
2602	2602	1.1282	0.1728	5	3
2603	2603	0.9567	-0.356	3	4
2607	2607	0.7926	-0.3883	3	24
2610	2610	0.9962	-0.0162	5	5
2614	2614	-1.0006	-0.0337	2	1
2618	2618	-0.1763	0.8484	1	1
2620	2620	-0.9511	0.0786	2	2
2622	2622	1.0606	0.2565	5	1
2625	2625	0.4278	-0.5863	3	1
2626	2626	-0.7	0.3839	2	2
2627	2627	-0.9772	-0.1768	2	2
2628	2628	-0.8426	0.1541	2	1
2629	2629	-1.0099	-0.1236	2	1
2631	2631	0.7896	-0.422	3	5
2632	2632	-0.3351	0.4195	2	1
2635	2635	-0.5816	0.3989	2	6
2639	2639	-0.1354	-0.4187	3	2
2643	2643	0.8563	0.226	5	1
2644	2644	-0.0697	0.7041	1	1
2647	2647	1.1627	0.2311	5	1
2649	2649	-0.9465	-0.1083	2	1
2650	2650	0.8771	-0.4367	3	2
2651	2651	0.8223	0.5557	5	1
2653	2653	0.8358	-0.3718	3	1
2654	2654	-0.3534	0.6483	1	1
2657	2657	0.7727	-0.1765	3	1
2661	2661	0.8394	0.5469	5	1
2662	2662	0.6927	-0.2671	3	3
2674	2674	-0.1306	0.7675	1	1
2676	2676	1.0167	-0.0478	5	1
2473	2473	0.6692	0.5117	5	1
2474	2474	0.5271	-0.5491	3	1
2477	2477	-0.9291	0.0278	2	1
2483	2483	-0.7856	-0.2616	2	1
2484	2484	-0.281	-0.2532	4	2
2486	2486	0.6375	0.5008	5	2
2488	2488	0.8267	0.2422	5	3
2489	2489	-0.3436	0.6359	1	5
2491	2491	0.6256	-0.3039	3	1
2493	2493	-0.0563	-0.1828	4	7
2495	2495	0.847	0.5221	5	2
2497	2497	-0.6888	0.3445	2	1
2498	2498	0.5185	0.5507	5	1
2501	2501	1.1993	0.2358	5	7
2502	2502	0.7957	0.3955	5	4
2503	2503	0.8382	0.2581	5	455
2504	2504	-0.9266	0.0423	2	7
2507	2507	-1.0154	-0.1537	2	1
2511	2511	-0.6244	0.2976	2	2
2513	2513	0.6288	0.3505	5	1
2515	2515	-0.6036	-0.2495	2	2
2519	2519	0.6543	0.4165	5	1
2520	2520	0.993	0.0123	5	2
2524	2524	-0.2747	-0.5777	3	33
2526	2526	0.7952	0.4061	5	11
2529	2529	-0.2128	0.8871	1	1
2538	2538	0.6198	0.6001	5	1
2539	2539	0.7669	-0.4683	3	12
2541	2541	0.7591	-0.3239	3	2
2543	2543	-0.042	0.7534	1	1
2549	2549	0.2363	0.6727	1	1
2550	2550	-0.216	0.7677	1	7
2552	2552	0.2223	-0.6801	3	4
2553	2553	1.1894	0.2343	5	1
2554	2554	-0.8725	-0.2135	2	2
2555	2555	0.8015	-0.0702	3	3
2558	2558	0.682	-0.4531	3	12
2559	2559	0.5254	0.5863	5	5
2566	2566	-0.2687	-0.2009	4	1
2567	2567	-0.929	0.0501	2	1
2570	2570	-0.6161	-0.2489	2	4
2574	2574	0.5082	0.6108	5	2
1290	1290	-0.5528	0.5006	2	2
1291	1291	0.8642	0.1398	5	4
2378	2378	0.8969	-0.0208	5	1
2381	2381	0.6719	-0.1919	3	3
2383	2383	-0.2714	-0.4536	3	5
2390	2390	0.4649	0.4186	5	1
2393	2393	0.7572	0.5936	5	1
2394	2394	0.6886	-0.5758	3	1
2401	2401	0.3153	0.1927	4	1
2403	2403	-0.8921	-0.1939	2	3
2405	2405	0.534	0.6335	5	2
2408	2408	-0.2824	0.7299	1	3
2411	2411	-0.0295	-0.1718	4	9
2412	2412	-0.6273	-0.3968	2	2
2413	2413	-0.638	0.3051	2	13
2415	2415	-0.5521	-0.4087	2	3
2417	2417	0.3518	0.666	5	1
2419	2419	0.795	0.2514	5	87
2421	2421	-0.6381	-0.3632	2	2
2423	2423	-0.7574	-0.2376	2	7
2427	2427	0.2123	-0.631	3	5
2431	2431	-0.2223	0.8962	1	9
2435	2435	0.6977	0.5399	5	18
2438	2438	-0.1877	-0.2247	4	7
2439	2439	0.5864	0.5407	5	2
2443	2443	-0.8943	-0.0145	2	2
2445	2445	0.5661	-0.3375	3	1
2451	2451	0.868	0.2064	5	3
2452	2452	0.8703	-0.091	5	4
2453	2453	-0.5521	-0.2254	4	6
2454	2454	0.5027	-0.5462	3	1
2455	2455	0.699	-0.2562	3	7
2456	2456	-0.8426	0.1325	2	3
2460	2460	-0.457	0.4577	2	2
2463	2463	-0.2949	-0.1054	4	3
2465	2465	-0.2726	-0.4893	3	1
2466	2466	0.8693	0.1543	5	3
2478	2478	-0.7152	-0.2091	2	2
2481	2481	0.5189	0.53	5	1
2273	2273	-0.8638	0.0585	2	1
2274	2274	0.0227	-0.7211	3	2
2283	2283	0.6728	-0.5374	3	3
2288	2288	-0.3552	-0.3486	4	1
2289	2289	-0.9093	0.0064	2	1
2293	2293	1.2412	-0.2604	3	2
2295	2295	-0.1508	-0.1527	4	1
2296	2296	-0.7156	0.1147	2	2
2299	2299	-0.8081	-0.031	2	1
2302	2302	-0.8254	-0.0362	2	1
2303	2303	-0.8565	-0.2354	2	8
2304	2304	-0.6695	-0.3707	2	1
2305	2305	-0.5408	-0.3736	4	2
2306	2306	-0.782	-0.0511	2	1
2307	2307	-0.9987	-0.1914	2	1
2308	2308	1.1104	0.2307	5	132
2313	2313	-0.9567	-0.0336	2	3
2318	2318	0.2538	-0.0775	4	1
2322	2322	-0.9793	-0.1379	2	1
2323	2323	0.6803	0.5901	5	7
2325	2325	0.7387	-0.525	3	3
2329	2329	0.7864	-0.4174	3	2
2331	2331	0.0361	0.7576	5	1
2333	2333	0.4966	-0.3184	3	1
2334	2334	0.8491	-0.0941	3	17
2338	2338	-0.8094	-0.112	2	1
2340	2340	0.615	-0.5498	3	4
2342	2342	0.2923	-0.6185	3	8
2343	2343	-0.882	0.0582	2	1
2345	2345	0.6966	-0.4763	3	1
2348	2348	0.4242	0.5603	5	1
2351	2351	0.8574	0.2102	5	2
2354	2354	0.8265	-0.5075	3	2
2356	2356	-0.3603	0.5696	2	5
2361	2361	0.6098	0.6537	5	1
2364	2364	0.8314	0.2778	5	2
2367	2367	0.8171	0.543	5	1
2369	2369	-0.5446	-0.2558	2	4
2371	2371	0.7903	-0.3939	3	1
2376	2376	1.1275	0.1379	5	1
2179	2179	-0.5463	0.5428	2	5
2184	2184	-0.2059	-0.1304	4	64
2186	2186	-0.9132	-0.1512	2	75
2187	2187	-0.6369	-0.3887	2	2
2189	2189	0.8036	-0.5489	3	2
2190	2190	-0.2927	-0.0191	5	30
2192	2192	0.9271	0.4914	5	1
2194	2194	-0.8366	0.079	2	5
2198	2198	0.7893	-0.3992	3	1
2202	2202	0.789	-0.3884	3	2
2203	2203	0.3196	-0.6358	3	11
2204	2204	-0.2398	0.904	1	34
2205	2205	0.1509	-0.3438	3	30
2207	2207	0.9548	-0.3628	3	4
2208	2208	-0.43	0.5933	2	3
2211	2211	-0.2262	0.9047	1	3
2213	2213	0.7064	-0.5283	3	13
2216	2216	0.7633	0.5475	5	2
2217	2217	0.7249	-0.1766	3	13
2221	2221	-0.7658	0.0784	2	2
2222	2222	-0.3747	-0.277	4	2
2223	2223	-0.7917	-0.2908	2	1
2225	2225	-0.8199	-0.1585	2	1
2226	2226	-0.596	-0.1305	2	1
2227	2227	0.8549	0.1964	5	2
2228	2228	-0.7046	-0.2238	2	3
2229	2229	1.0287	0.4426	5	1
2230	2230	0.3817	-0.5626	3	2
2233	2233	0.7476	-0.4952	3	1
2235	2235	-0.54	-0.2884	2	2
2237	2237	-0.698	-0.1212	2	1
2242	2242	0.9316	0.4891	5	1
2244	2244	0.1265	-0.0585	4	2
2246	2246	-0.3214	-0.4238	4	4
2248	2248	0.892	-0.2743	5	1
2250	2250	-0.1735	-0.5497	3	4
2252	2252	0.6803	0.4153	5	1
2255	2255	-0.2619	-0.2346	4	1
2256	2256	-0.5308	-0.283	4	10
2257	2257	-0.4136	-0.2574	4	1
2260	2260	-0.5883	0.3543	2	2
2261	2261	0.0069	-0.1375	4	1
2266	2266	-0.6376	-0.3989	2	3
2268	2268	-0.619	0.4381	2	1
2275	2275	0.5297	0.631	5	5
2276	2276	-0.8667	0.092	2	3
2277	2277	0.8546	0.2595	5	13
2278	2278	-0.194	0.8538	1	2
2279	2279	-0.9155	-0.078	2	4
2281	2281	0.461	-0.5569	3	2
2074	2074	0.777	-0.3964	3	1
2075	2075	-0.072	0.7752	1	1
2078	2078	0.4559	0.6709	5	1
2079	2079	-0.6649	-0.1682	2	67
2081	2081	-0.8456	-0.2281	2	1
2087	2087	-0.4652	0.5823	1	1
2090	2090	0.2139	-0.063	4	5
2092	2092	0.7708	-0.5011	3	3
2096	2096	-0.7148	-0.1646	2	3
2098	2098	0.6736	-0.2792	3	1
2099	2099	0.1044	-0.4016	3	4
2100	2100	-0.5795	-0.432	2	3
2103	2103	0.7326	-0.1765	3	30
2107	2107	0.8965	-0.5239	3	1
2110	2110	0.4709	0.6375	5	3
2111	2111	0.6532	0.495	5	4
2113	2113	-0.6895	0.1008	2	1
2115	2115	-0.7318	-0.134	2	5
2116	2116	0.3917	-0.5498	3	22
2118	2118	0.7545	-0.0969	3	3
2120	2120	-0.8858	-0.2222	2	1
2121	2121	-0.6838	0.4018	2	2
2122	2122	0.0286	0.7464	1	6
2125	2125	-0.8492	-0.2368	2	1
2126	2126	-0.8421	0.0452	4	1
2127	2127	-0.1805	0.7936	1	14
2134	2134	-0.5988	0.4115	2	2
2135	2135	-0.9826	-0.0908	2	6
2137	2137	0.8372	0.2689	3	1
2139	2139	-0.6025	0.3832	2	2
2147	2147	-0.5301	0.5559	1	5
2148	2148	-0.4975	-0.3211	2	1
2150	2150	0.9693	-0.3338	3	2
2151	2151	0.6353	0.4205	5	1
2152	2152	1.0042	0.438	5	1
2154	2154	-0.8986	-0.1924	2	2
2160	2160	-1.01	-0.177	2	1
2161	2161	0.9768	-0.1932	3	10
2163	2163	0.7072	-0.494	3	2
2166	2166	-0.1677	-0.1559	4	55
2168	2168	-0.9292	-0.1773	2	5
2169	2169	0.3918	-0.5365	3	10
2170	2170	0.9335	-0.4263	3	1
2174	2174	1.2145	0.2318	5	4
2177	2177	0.6766	0.4208	5	2
1983	1983	0.7658	-0.517	3	1
1984	1984	-0.4203	-0.3523	2	57
1986	1986	0.6279	0.3732	4	1
1988	1988	0.3171	-0.6695	3	8
1989	1989	-0.343	-0.3208	4	1
1990	1990	0.7874	0.39	5	7
1994	1994	0.5817	0.1419	3	20
1995	1995	-0.6566	-0.2112	4	5
1996	1996	0.1619	-0.6188	3	4
1997	1997	-0.6459	-0.2205	4	1
1998	1998	0.3017	0.0147	4	1
1999	1999	-0.0789	-0.1613	4	6
2002	2002	0.6506	0.447	5	19
2003	2003	0.5046	-0.2215	3	13
2004	2004	-0.2706	-0.1795	4	2
2006	2006	-0.037	-0.2332	4	1
2008	2008	-0.2595	0.7393	1	2
2009	2009	1.188	0.1832	3	18
2010	2010	-0.8624	-0.156	2	1
2011	2011	0.7056	0.6122	5	17
2015	2015	-0.7781	-0.2606	2	6
2016	2016	1.0545	-0.1815	5	1
2017	2017	-0.7539	-0.1174	2	9
2021	2021	-0.4865	-0.3516	4	1
2022	2022	-0.1944	0.7864	1	28
2024	2024	0.6761	-0.4793	3	4
2025	2025	-0.6785	0.2243	2	2
2026	2026	-0.2814	-0.4597	2	8
2028	2028	0.8562	-0.2769	3	143
2031	2031	0.915	-0.3838	3	1
2032	2032	0.6117	0.4935	5	2
2038	2038	0.8434	-0.494	3	1
2040	2040	-0.3325	-0.3175	4	1
2042	2042	-0.6282	-0.4077	2	3
2043	2043	-0.0569	0.651	5	2
2044	2044	-0.2085	0.8634	1	2
2046	2046	0.8182	0.213	3	1
2047	2047	-0.8717	-0.1484	2	2
2050	2050	-0.4105	-0.5262	3	11
2051	2051	-0.8779	0.0776	2	9
2053	2053	0.7025	-0.2611	3	2
2057	2057	0.819	-0.1808	3	1
2060	2060	0.5498	-0.4721	3	2
2063	2063	0.8158	0.4484	5	1
2064	2064	-0.1721	-0.144	4	1
2066	2066	0.7603	0.5582	5	2
2073	2073	-0.8744	0.1031	2	1
2083	2083	0.3768	0.3258	3	7
2084	2084	0.7905	-0.4864	3	3
2085	2085	-0.1548	-0.3233	4	4
2086	2086	-0.7484	-0.1072	2	9
1901	1901	-0.8175	0.1105	2	1
1902	1902	1.0031	-0.3524	3	4
1903	1903	-1.0055	-0.0369	2	1
1904	1904	0.972	-0.1301	5	2
1906	1906	0.0705	-0.7131	3	13
1909	1909	0.0394	-0.4538	3	1
1910	1910	-0.5369	0.5085	2	1
1913	1913	-0.9081	-0.153	2	1
1914	1914	0.9953	-0.0085	5	1
1915	1915	-0.8206	-0.0573	2	5
1916	1916	0.9148	-0.4407	3	2
1918	1918	0.8167	0.1337	3	2
1920	1920	-0.9271	0.0881	2	5
1921	1921	0.8017	-0.2118	3	6
1922	1922	0.5304	0.6698	5	6
1925	1925	0.8096	-0.5594	3	3
1927	1927	-0.2562	-0.1821	4	5
1928	1928	-0.3923	-0.3763	4	3
1929	1929	-0.8446	-0.2026	2	1
1932	1932	0.2158	-0.5402	3	4
1933	1933	-0.6526	0.287	2	1
1937	1937	-0.1117	0.7785	1	1
1940	1940	-0.5062	0.5734	1	2
1944	1944	-0.7112	-0.342	2	1
1946	1946	0.9637	-0.3003	3	1
1949	1949	0.0947	0.7423	5	7
1950	1950	-0.8273	0.0587	2	1
1951	1951	-0.9196	0.1299	2	1
1952	1952	0.2335	0.5865	5	3
1953	1953	0.4642	0.6682	5	1
1955	1955	-0.2206	0.8956	1	5
1959	1959	-0.4947	0.5266	1	4
1960	1960	-0.8819	0.176	2	1
1961	1961	-0.3207	-0.3086	4	1
1964	1964	0.6844	-0.405	3	2
1966	1966	0.4074	-0.48	3	5
1967	1967	-0.5953	-0.2917	2	3
1969	1969	0.5505	0.5833	5	12
1970	1970	0.477	0.4728	5	1
1972	1972	-0.3435	-0.3117	4	46
1973	1973	0.0408	-0.2953	4	1
1974	1974	0.6074	0.4695	5	3
1975	1975	-0.8935	0.0461	2	4
1978	1978	-0.1808	-0.0142	5	5
1874	1874	-0.8818	-0.1935	2	3
1877	1877	0.0619	-0.439	3	2
1887	1887	0.716	0.5958	5	1
1889	1889	0.6716	-0.4849	3	1
1891	1891	0.941	-0.4189	3	520
1897	1897	0.2511	-0.5535	3	37
1900	1900	-0.8267	-0.1744	2	1
1785	1785	-0.7992	-0.1237	2	18
1786	1786	0.281	-0.522	3	1
1787	1787	0.9201	-0.364	3	1
1789	1789	0.2349	-0.4207	3	5
1790	1790	-0.6988	0.3274	2	11
1792	1792	0.2998	0.0315	4	1
1795	1795	0.772	-0.5159	3	1
1799	1799	0.6608	0.4163	5	137
1800	1800	-0.1169	-0.4294	3	1
1801	1801	0.7603	-0.458	3	1
1802	1802	0.8411	0.5429	5	12
1803	1803	-0.8777	-0.1971	2	1
1804	1804	1.0226	-0.346	3	1
1807	1807	-0.908	-0.2152	2	1
1808	1808	0.4891	-0.394	3	1
1810	1810	0.704	0.6231	5	1
1811	1811	0.8983	-0.0182	5	1
1812	1812	-0.445	0.6389	1	1
1813	1813	-0.2083	0.8914	1	3
1816	1816	-0.751	-0.2175	2	2
1817	1817	-0.4415	0.6488	1	7
1818	1818	0.8357	-0.2541	3	1
1822	1822	-0.6175	0.451	2	5
1824	1824	1.1555	0.2078	5	1
1826	1826	-0.8134	0.1809	2	1
1827	1827	-0.7779	-0.2092	2	56
1829	1829	-0.9945	-0.1706	2	6
1830	1830	0.6517	0.442	5	5
1832	1832	0.0033	0.7669	1	1
1836	1836	-0.7451	-0.2737	2	1
1838	1838	0.6604	0.4238	5	1
1841	1841	0.9878	-0.306	3	1
1844	1844	-0.3153	0.5522	1	4
1847	1847	0.8059	-0.0059	5	95
1850	1850	0.0212	-0.7222	3	2
1852	1852	0.8287	0.2768	5	2
1854	1854	-0.1411	0.7986	1	17
1857	1857	0.7743	0.5776	5	1
1860	1860	-0.9341	-0.1433	2	4
1863	1863	-0.6528	0.3659	2	4
1867	1867	1.0098	0.0425	5	3
1868	1868	0.5393	0.5138	5	1
1869	1869	0.2686	-0.6757	3	1
1870	1870	-0.8744	-0.08	2	2
1871	1871	0.2985	0.3957	5	20
1872	1872	0.6857	-0.1971	3	55
1685	1685	-0.6007	-0.2208	4	1
1686	1686	0.8529	0.5037	5	1
1693	1693	0.8456	0.5378	5	12
1694	1694	0.7426	0.0231	3	1
1697	1697	-0.8311	-0.2132	2	4
1698	1698	0.7843	-0.4107	3	7
1699	1699	0.725	-0.2154	3	1
1702	1702	0.7258	-0.5021	3	35
1703	1703	0.0895	-0.7147	3	15
1704	1704	0.4105	-0.4454	3	2
1707	1707	0.7875	-0.4343	3	15
1709	1709	0.0891	0.3762	5	11
1711	1711	0.2678	0.1649	4	1
1714	1714	-0.9125	-0.0713	2	1
1715	1715	0.3002	-0.6336	3	6
1716	1716	0.6704	0.4099	3	2
1717	1717	0.6786	-0.2406	3	14
1718	1718	-0.846	0.0835	2	8
1719	1719	0.6587	-0.4646	3	6
1722	1722	0.5797	-0.1253	3	41
1723	1723	-0.877	-0.1391	2	1
1724	1724	0.6534	0.3976	3	4
1727	1727	0.7923	-0.3917	3	1
1728	1728	-0.961	-0.1736	2	3
1729	1729	1.0256	-0.3334	3	1
1730	1730	0.3195	-0.2241	3	1
1733	1733	1.0269	0.0989	5	46
1736	1736	1.0226	-0.3494	3	7
1738	1738	0.9075	0.3487	3	413
1740	1740	0.2687	-0.027	4	1
1741	1741	0.7439	-0.1705	3	6
1742	1742	-0.6352	-0.3947	2	5
1743	1743	-0.5334	0.5384	1	17
1745	1745	0.6523	0.426	5	1
1746	1746	1.253	-0.2571	3	5
1747	1747	-0.7987	-0.1128	2	2
1748	1748	0.697	0.4296	5	102
1749	1749	0.6773	0.418	5	1
1750	1750	-0.8505	0.1969	2	2
1752	1752	-0.4102	0.5898	1	9
1753	1753	0.4381	0.6714	5	2
1756	1756	0.2035	-0.5255	3	7
1758	1758	0.4427	-0.5014	3	13
1759	1759	-0.2799	-0.1974	4	2
1765	1765	0.843	-0.4237	3	35
1766	1766	0.7673	-0.1193	3	1
1767	1767	1.062	-0.3366	3	6
1768	1768	0.1421	-0.6029	3	1
1769	1769	-0.874	0.0375	2	1
1770	1770	-0.5347	0.5519	2	2
1771	1771	0.7203	0.6079	5	2
1772	1772	1.212	0.2344	5	1
1773	1773	-0.7472	-0.0051	2	2
1774	1774	0.532	-0.5902	3	4
1775	1775	0.0615	0.7514	1	1
1776	1776	0.7426	-0.1692	3	1
1778	1778	-0.7217	-0.2644	2	1
1780	1780	-0.6637	-0.2123	4	3
1587	1587	-0.9493	-0.1843	2	7
1588	1588	-0.742	-0.26	2	4
1591	1591	0.2188	0.1713	4	5
1595	1595	-0.8296	0.1741	2	10
1597	1597	-0.8326	-0.1651	2	1
1601	1601	-0.251	0.3759	4	4
1602	1602	-0.7551	-0.032	2	78
1603	1603	-0.948	-0.1751	2	3
1604	1604	-0.7684	-0.1116	2	14
1605	1605	-0.0571	-0.4374	3	121
1608	1608	0.4787	0.584	5	29
1610	1610	0.3954	-0.2254	3	5
1612	1612	-0.3679	0.5866	1	4
1614	1614	0.5131	0.3764	3	1
1615	1615	0.1031	0.7233	1	1
1616	1616	-0.6018	-0.1627	2	4
1622	1622	-0.8122	-0.1863	2	1
1623	1623	-0.9607	-0.0764	2	1
1627	1627	0.6242	0.6489	5	17
1630	1630	0.0397	-0.1822	4	15
1631	1631	-0.2143	0.8835	1	6
1634	1634	0.8577	-0.254	3	5
1636	1636	0.5042	-0.4932	3	3
1637	1637	0.6182	-0.4841	3	15
1639	1639	0.2123	-0.0354	4	8
1640	1640	0.7076	0.5937	5	9
1641	1641	-0.5621	-0.2839	2	3
1642	1642	0.6898	-0.2597	3	3
1646	1646	0.3782	-0.4978	3	1
1650	1650	0.2947	-0.6382	3	2
1651	1651	-0.6045	0.1028	2	9
1652	1652	0.8722	-0.2919	5	2
1653	1653	-0.2376	0.8273	1	4
1654	1654	-0.1024	0.1486	4	67
1656	1656	0.3262	0.2111	4	233
1657	1657	-0.495	-0.3787	2	23
1658	1658	0.7787	-0.4067	3	2
1659	1659	-0.4315	-0.3516	4	12
1660	1660	0.426	-0.4935	3	1
1670	1670	0.1075	0.7596	5	2
1673	1673	0.616	0.1688	5	5
1674	1674	-0.7599	-0.304	2	11
1676	1676	-0.9263	0.0225	2	1
1483	1483	0.8283	0.4286	5	2
1484	1484	0.4984	0.6231	5	8
1486	1486	0.6153	-0.5615	3	2
1494	1494	0.1032	-0.3018	4	20
1496	1496	-0.7562	-0.1871	2	2
1499	1499	-0.5675	-0.4168	2	7
1501	1501	-0.8514	-0.1903	2	3
1503	1503	0.008	-0.6818	3	1
1504	1504	0.5735	-0.5575	3	8
1505	1505	0.8738	-0.5127	3	24
1507	1507	-0.399	0.5519	2	2
1508	1508	-0.6088	-0.2031	4	3
1512	1512	-0.2259	0.8554	1	3
1513	1513	0.8484	0.2362	5	3
1515	1515	-0.1055	0.7748	1	1
1517	1517	0.6785	0.4238	5	4
1518	1518	0.4612	-0.3774	3	82
1519	1519	-0.9387	0.084	2	383
1520	1520	0.7304	-0.1672	3	6
1521	1521	-0.9024	-0.1454	2	1
1524	1524	0.8215	0.4635	5	2
1525	1525	-0.5316	-0.1477	2	1
1528	1528	-0.8727	0.1729	2	2
1530	1530	0.6816	-0.5251	3	1
1531	1531	0.6496	-0.5647	3	11
1532	1532	-0.7027	-0.2411	2	1
1533	1533	0.7536	-0.4836	3	7
1537	1537	-0.6678	-0.2254	2	3
1538	1538	1.203	0.2452	5	2
1540	1540	0.2185	-0.4891	3	31
1541	1541	-0.3954	0.483	2	2
1542	1542	0.8356	0.2849	5	5
1544	1544	-0.7025	-0.3205	2	1
1545	1545	0.2728	-0.1303	4	8
1547	1547	-0.8461	-0.1875	2	1
1549	1549	0.6688	0.4267	5	9
1550	1550	0.9309	0.4873	5	1
1551	1551	-0.9331	-0.1518	2	1
1554	1554	0.6806	-0.259	3	1
1555	1555	-0.9138	-0.2185	2	1
1556	1556	-0.9145	-0.1386	2	2
1559	1559	0.7755	-0.4352	3	13
1561	1561	-0.7912	-0.0547	2	3
1563	1563	1.1939	0.2391	5	3
1564	1564	-0.7942	-0.2299	2	83
1565	1565	0.0139	-0.7188	3	1
1566	1566	0.6864	-0.5343	3	3
1568	1568	-0.5377	-0.2334	4	12
1569	1569	0.3269	-0.5294	3	6
1570	1570	0.5124	0.5452	5	3
1571	1571	0.9653	-0.3672	3	1
1572	1572	-0.6197	0.4489	2	22
1573	1573	0.8535	-0.3759	3	7
1574	1574	1.2507	-0.2633	3	14
1575	1575	0.7862	-0.3543	3	1
1576	1576	-0.5425	0.532	2	691
1577	1577	0.7961	0.406	5	32
1579	1579	0.7984	-0.4167	3	2
1580	1580	-0.2566	-0.1849	4	1
1582	1582	-0.1799	0.7867	1	2
1583	1583	0.7578	0.5188	5	5
1585	1585	-0.5408	-0.2686	4	2
1586	1586	-0.8481	0.024	2	6
1389	1389	0.7891	-0.5266	3	2
1391	1391	-0.4303	0.6534	1	20
1392	1392	0.6501	-0.3082	3	3
1394	1394	-0.3157	0.7345	1	5
1396	1396	0.3307	-0.1625	3	8
1397	1397	1.0282	0.1037	5	1
1398	1398	-0.9952	-0.1486	2	10
1400	1400	0.7663	-0.2434	3	8
1401	1401	0.3415	-0.5458	3	9
1402	1402	0.5948	0.178	3	1
1403	1403	0.045	0.7557	1	1
1404	1404	-0.9715	0.0066	2	1
1407	1407	-0.3775	0.5625	2	3
1408	1408	-0.339	0.6411	1	1
1409	1409	0.5799	0.5106	5	1
1410	1410	-0.8209	-0.0936	2	3
1412	1412	-0.0005	0.7663	1	20
1413	1413	-0.7398	-0.1843	2	2
1416	1416	0.7414	0.597	5	1
1418	1418	0.4483	-0.5768	3	3
1421	1421	-0.3582	-0.3164	4	22
1422	1422	-0.4798	-0.379	2	2
1423	1423	0.6586	-0.4367	3	1
1426	1426	-0.8875	-0.2086	2	15
1427	1427	0.7139	-0.5583	3	1
1428	1428	-0.8992	-0.0195	2	12
1429	1429	0.3522	-0.5092	3	30
1431	1431	-0.883	0.177	2	1
1433	1433	-0.2679	-0.4715	3	3
1434	1434	-0.3581	-0.1908	4	5
1435	1435	0.6381	0.465	5	5
1436	1436	-0.6835	0.1771	2	1
1437	1437	0.8588	0.2193	5	1
1440	1440	-0.8201	-0.1894	2	9
1447	1447	0.2587	-0.0035	4	212
1450	1450	0.496	-0.5513	3	10
1451	1451	-0.2947	0.0014	4	1
1454	1454	0.0162	-0.2171	4	1
1455	1455	-0.1368	-0.1931	4	2
1458	1458	-0.7247	-0.2154	2	3
1460	1460	0.7842	-0.5527	3	2
1461	1461	0.5266	-0.6117	3	1
1462	1462	-0.0744	-0.5033	3	1
1464	1464	-0.9164	0.0392	2	3
1465	1465	-0.1941	-0.1386	4	3
1467	1467	0.8282	0.2819	5	1
1468	1468	-0.8147	-0.1249	2	220
1473	1473	-1.0213	-0.1299	2	2
1474	1474	0.8057	-0.246	3	1
1475	1475	0.8647	-0.2761	3	7
1476	1476	0.6085	0.5672	5	7
1479	1479	1.0782	0.1372	5	5
1480	1480	-0.2396	-0.1551	4	2
1488	1488	1.2287	-0.2732	3	6
1490	1490	-0.3736	-0.2714	4	3
1491	1491	0.7368	-0.4852	3	1
1492	1492	-0.7543	-0.0085	2	4
1493	1493	-0.5052	-0.3514	4	1
1280	1280	0.5517	0.5526	5	2
1281	1281	-0.8436	-0.0439	2	1
1282	1282	-0.6499	-0.2306	2	9
1283	1283	-0.1835	-0.1602	4	2
1284	1284	-0.8514	-0.087	2	127
1285	1285	-0.6623	-0.2843	2	1
1293	1293	-0.8607	-0.2241	2	60
1294	1294	0.1521	-0.6575	3	10
1296	1296	-0.7118	-0.1402	2	6
1298	1298	-0.2128	0.851	1	2
1300	1300	0.8386	0.5409	5	3
1303	1303	-0.7363	-0.2328	2	2
1305	1305	-0.1664	0.8356	1	3
1306	1306	-0.6904	-0.2765	2	4
1310	1310	0.5991	0.6242	5	1
1312	1312	-0.2602	0.8281	1	5
1316	1316	0.7834	-0.3986	3	3
1317	1317	-0.8349	-0.1582	2	1
1322	1322	-0.6751	-0.2034	2	5
1323	1323	-0.3487	-0.3112	4	1
1325	1325	-0.8603	-0.1272	2	1
1326	1326	0.2336	-0.4792	3	3
1331	1331	0.5132	0.5299	5	5
1332	1332	0.7734	-0.259	3	1151
1334	1334	-0.3599	-0.3072	4	8
1337	1337	1.2494	-0.2513	3	10
1338	1338	0.5192	-0.5548	3	1
1340	1340	-0.9067	0.0022	2	81
1341	1341	-0.2413	0.9046	1	2
1345	1345	-0.103	-0.3955	4	9
1346	1346	-0.7843	0.1731	2	4
1347	1347	-0.8487	-0.1084	2	10
1348	1348	1.0011	0.2506	5	16
1350	1350	0.6985	0.3039	5	7
1351	1351	-0.129	0.5966	1	6
1352	1352	0.8709	0.1792	5	5
1353	1353	0.5167	0.4115	5	4
1354	1354	0.8065	-0.4719	3	14
1355	1355	-0.8694	0.1667	2	1
1356	1356	0.3218	-0.4723	3	1
1357	1357	-0.8734	-0.2246	2	2
1358	1358	0.6758	-0.244	3	9
1360	1360	0.022	0.3581	4	10
1361	1361	-0.3257	-0.3098	4	1
1362	1362	-0.6401	0.198	2	7
1365	1365	0.449	0.0402	4	2
1366	1366	-0.6606	-0.2841	2	39
1367	1367	-0.0404	-0.1201	4	10
1369	1369	-0.7621	0.0036	2	2
1373	1373	0.1787	0.6087	5	1
1374	1374	0.9128	-0.3021	3	1
1375	1375	-0.2279	0.895	1	10
1376	1376	-0.5206	0.5554	2	8
1377	1377	-0.8488	-0.1798	2	8
1379	1379	0.5232	-0.2495	3	2
1380	1380	-0.0795	-0.3664	3	1
1382	1382	-0.4105	0.6473	1	1
1384	1384	0.651	-0.614	3	9
1386	1386	0.462	-0.4301	3	2
1188	1188	-0.6385	-0.2003	2	2
1189	1189	-0.6156	-0.3275	2	4
1190	1190	0.5285	0.5407	5	17
1192	1192	-0.8143	-0.1515	2	3
1193	1193	-0.5093	-0.2407	4	61
1195	1195	-0.7629	0.1566	2	5
1196	1196	0.7775	-0.2301	3	1
1197	1197	-0.9629	0.0054	2	2
1199	1199	-0.7058	-0.2667	2	4
1200	1200	0.5292	-0.4778	3	7
1202	1202	-0.358	0.6293	1	9
1203	1203	-0.9772	-0.0204	2	1
1204	1204	-0.8607	-0.181	2	7
1205	1205	0.7501	0.5764	5	4
1206	1206	0.4842	-0.2467	3	4
1207	1207	0.2996	0.0096	4	5
1208	1208	-0.122	0.8018	1	1
1209	1209	-0.11	0.7104	1	9
1210	1210	-0.6963	-0.1633	2	2
1211	1211	-0.9113	-0.1456	2	25
1213	1213	-0.4926	-0.2283	2	1
1216	1216	0.5046	0.4127	5	7
1218	1218	0.7975	-0.3585	3	1
1219	1219	-0.6622	0.2249	2	1
1220	1220	-0.8373	-0.1875	2	2
1223	1223	0.6611	-0.4537	3	2
1224	1224	-0.3962	-0.1914	2	19
1226	1226	0.7815	-0.3153	3	6
1229	1229	0.5683	-0.5613	3	5
1230	1230	-0.8597	-0.0356	2	6
1231	1231	0.433	-0.5176	3	1
1232	1232	0.7527	-0.5364	3	2
1233	1233	-0.9473	0.0723	2	10
1234	1234	-0.9063	-0.0289	2	1
1235	1235	-0.729	0.2664	2	1
1237	1237	0.544	-0.2085	4	26
1238	1238	-0.6784	-0.1745	2	1
1240	1240	0.4788	0.0846	3	114
1241	1241	-0.6962	0.0352	2	3
1242	1242	-0.0244	0.7415	1	2
1243	1243	-0.7237	-0.2863	2	3
1244	1244	0.8021	-0.5239	3	5
1245	1245	-0.8302	0.1438	2	22
1246	1246	-0.6442	-0.1836	2	30
1247	1247	0.8096	-0.0979	3	3
1249	1249	1.2124	0.2357	5	12
1250	1250	0.7673	-0.1129	3	22
1254	1254	-0.4963	0.5467	1	4
1256	1256	-0.9006	-0.163	2	4
1257	1257	-0.6364	0.1368	2	3
1259	1259	0.6678	0.2359	4	2
1260	1260	-1.0035	-0.1582	2	5
1261	1261	-0.6024	-0.2197	2	7
1262	1262	0.6169	-0.2857	3	1
1263	1263	0.8459	0.2364	5	10
1269	1269	-0.9068	-0.1468	2	1
1270	1270	0.7517	0.5707	5	1
1271	1271	0.7785	-0.4168	3	3
1273	1273	0.7755	0.3188	5	6
1274	1274	0.1491	-0.653	3	1
1277	1277	-0.9591	-0.1422	2	8
1278	1278	0.7606	0.5894	5	6
1279	1279	-0.5825	0.4837	2	28
1083	1083	0.6398	0.4477	5	405
1086	1086	0.0097	-0.7179	3	15
1087	1087	0.6425	0.4607	5	12
1088	1088	-0.7755	-0.12	2	2
1089	1089	1.1994	0.2346	5	14
1096	1096	-0.5055	0.5551	2	2
1097	1097	0.3908	-0.1208	4	1
1098	1098	0.6232	0.3971	4	3
1099	1099	0.5906	-0.5965	3	14
1100	1100	-0.9632	-0.1447	2	36
1101	1101	-0.1151	0.7505	1	3
1102	1102	0.5842	0.6269	5	12
1104	1104	0.7166	0.4864	5	1
1105	1105	-0.8382	-0.1114	2	1
1106	1106	-0.6224	-0.3966	2	1
1108	1108	0.2367	-0.5421	3	1
1112	1112	-0.8152	-0.226	2	22
1113	1113	0.6289	-0.3681	3	1
1115	1115	-0.9894	-0.0036	2	3
1118	1118	-0.5733	-0.1791	2	2
1119	1119	0.9203	-0.3629	3	9
1120	1120	1.0309	-0.0603	5	90
1122	1122	-0.6704	-0.3347	2	22
1123	1123	0.8091	-0.1003	3	1
1124	1124	-0.8832	-0.1311	2	10
1127	1127	-0.8431	-0.2127	2	8
1129	1129	0.9321	0.476	5	1
1130	1130	0.7803	-0.4026	3	6
1131	1131	-0.9317	-0.0636	2	25
1134	1134	-0.8219	-0.1451	2	6
1135	1135	0.7706	0.3389	5	1
1136	1136	0.6017	-0.5594	3	1
1137	1137	-0.5736	-0.1448	4	10
1138	1138	0.6953	0.4638	5	35
1139	1139	0.7024	0.5924	5	28
1140	1140	-0.9269	-0.1842	2	5
1141	1141	0.3181	0.0262	4	6
1145	1145	0.5989	0.5657	5	21
1146	1146	0.7952	-0.4188	3	8
1147	1147	0.8291	0.2833	5	4
1148	1148	0.8174	-0.4997	3	1
1149	1149	-0.9506	-0.0497	2	1
1150	1150	-0.0435	0.5302	1	27
1151	1151	-0.5176	-0.3166	2	1
1152	1152	0.0194	-0.3326	4	2
1153	1153	0.4267	-0.4236	3	1
1155	1155	-0.8306	-0.1945	2	1
1157	1157	-0.8505	-0.1599	2	1
1163	1163	-0.1388	0.6817	1	1
1166	1166	0.6583	0.5782	5	2
1167	1167	1.0205	-0.3479	3	12
1172	1172	0.8754	-0.2726	3	4
1173	1173	-0.9054	-0.2271	2	6
1174	1174	-0.9234	-0.1938	2	2
1175	1175	0.4135	0.4319	5	212
1176	1176	-0.5268	-0.1282	2	2
1177	1177	-0.521	-0.3604	2	3
1178	1178	-0.1943	-0.1957	4	12
1179	1179	0.4396	0.6678	1	10
1180	1180	-0.6358	0.4129	2	1
1181	1181	-0.6902	-0.2356	2	4
1182	1182	0.8384	0.2685	3	2
1183	1183	0.7848	-0.3948	3	8
1185	1185	0.6914	0.1807	3	313
1186	1186	-0.9071	-0.0177	2	1
1187	1187	0.7785	0.5705	5	4
994	994	-0.4453	0.3677	5	1
995	995	0.7206	0.2861	5	1
998	998	0.4067	0.0232	4	17
999	999	0.8011	-0.0731	3	25
1000	1000	1.0342	0.155	5	11
1001	1001	0.0409	-0.5536	3	3
1005	1005	-0.9718	-0.1342	2	1
1007	1007	-0.7022	0.3006	2	2
1008	1008	-0.6504	0.2417	2	1
1009	1009	1.1243	0.1337	5	10
1010	1010	-0.8567	-0.1989	2	1
1012	1012	-0.9416	-0.076	2	13
1013	1013	-0.795	-0.198	2	4
1014	1014	0.7423	0.5609	5	1
1015	1015	-0.5515	0.5261	2	1
1016	1016	0.544	0.5529	5	3
1019	1019	-0.4988	-0.2384	2	2
1023	1023	0.1172	0.0319	2	2
1024	1024	0.8884	0.0177	5	20
1025	1025	0.9468	-0.3913	3	17
1026	1026	0.5779	0.5973	5	2
1027	1027	0.7333	0.1033	3	6
1028	1028	0.7355	0.5974	5	2
1029	1029	0.5778	0.5596	5	1
1030	1030	-0.9821	-0.0933	2	55
1031	1031	0.485	-0.0784	4	8
1033	1033	0.9569	0.0914	5	2
1037	1037	-0.5842	-0.2257	4	2
1040	1040	0.5073	-0.4989	3	5
1041	1041	-0.9351	-0.1122	2	19
1045	1045	0.1878	0.6704	1	1
1049	1049	-0.8126	-0.0729	2	2
1050	1050	0.185	-0.4121	3	2
1051	1051	-0.0614	-0.2681	4	1
1053	1053	-0.7793	-0.1291	2	2
1055	1055	-0.1657	0.7697	1	27
1057	1057	0.9575	0.0911	5	7
1058	1058	-0.7379	-0.0181	2	1
1060	1060	0.5022	-0.4952	3	2
1061	1061	0.1773	0.5874	1	1
1063	1063	0.7507	-0.4535	3	8
1064	1064	0.7341	-0.4224	3	3
1068	1068	-0.8835	-0.0869	2	1
1069	1069	-0.3559	-0.2666	2	6
1071	1071	0.0716	-0.4659	3	2
1073	1073	-0.5422	0.4795	2	1
1074	1074	0.6431	-0.269	3	3
1076	1076	-0.1707	0.845	1	3
1077	1077	-0.9695	-0.1437	2	2
1078	1078	-0.8653	-0.1417	2	45
1079	1079	0.9338	0.3687	5	5
1080	1080	0.6503	0.6381	5	4
1091	1091	1.2113	0.2325	5	3
1092	1092	0.2618	-0.5963	3	2
1094	1094	0.6428	-0.332	3	3
889	889	-0.8463	-0.137	2	21
890	890	0.9128	-0.0633	5	5
891	891	0.3427	0.1417	4	6
893	893	-0.1741	0.8431	1	1
896	896	-0.7991	-0.0804	2	1
897	897	0.5699	-0.5509	3	81
902	902	0.0249	-0.7221	3	1
905	905	0.3088	0.051	4	12
906	906	0.6613	0.4119	5	1
908	908	0.8372	0.2851	5	58
909	909	-0.8236	-0.2199	2	1
912	912	0.9906	0.0148	5	11
914	914	0.8449	-0.461	5	13
915	915	-0.1108	-0.1132	4	14
916	916	-0.6775	0.3317	2	2
917	917	-0.3702	0.6864	1	7
918	918	0.274	-0.6029	3	6
920	920	0.7745	-0.0274	3	40
921	921	-0.7846	0.0547	2	3
922	922	-0.7647	0.0339	2	1
923	923	-0.7293	0.2563	2	17
924	924	-0.9356	0.001	2	2
926	926	0.5935	-0.4735	3	8
929	929	-0.8042	-0.233	2	1
930	930	-0.8622	-0.1927	2	18
931	931	0.7471	0.3126	5	4
933	933	-0.6396	-0.3905	2	3
934	934	0.0607	-0.2398	4	1
937	937	0.4419	0.5773	5	2
939	939	0.3918	-0.4515	3	1
940	940	0.4022	-0.4354	3	89
941	941	-0.9277	0.0048	2	2
943	943	-0.9212	0.0069	2	1
945	945	0.7628	-0.3643	3	2
946	946	-0.5945	-0.2211	4	2
947	947	0.9795	-0.3519	3	1
948	948	0.7812	-0.0898	3	1
949	949	0.4944	-0.5263	3	1
950	950	-0.3336	-0.3084	4	7
951	951	-0.6485	0.2369	2	24
952	952	-0.6244	-0.2302	4	13
953	953	0.6497	-0.6278	3	71
954	954	-0.8582	-0.0003	2	1
955	955	-0.36	-0.3247	4	1
956	956	-0.8583	-0.1173	2	13
957	957	0.7614	-0.3226	3	13
958	958	-0.0078	0.7722	1	8
959	959	0.4608	-0.5284	3	1
960	960	0.25	-0.0149	4	2
961	961	-0.6219	0.4531	2	1
962	962	-0.8804	-0.2108	2	1
963	963	-0.8468	-0.1651	2	3
964	964	-0.1963	-0.1266	4	7
965	965	-0.6862	-0.0828	2	13
966	966	-0.1953	-0.1248	4	1
967	967	-0.793	-0.1308	2	27
968	968	1.2444	-0.2592	3	1
969	969	-0.5363	-0.195	2	14
975	975	-0.8271	0.0894	2	2
976	976	0.2485	-0.2344	4	9
978	978	-0.2229	-0.1402	4	3
979	979	-0.8299	0.0066	2	1
980	980	1.0357	-0.3332	3	1
981	981	0.6364	0.3591	5	8
983	983	0.7632	0.5457	5	16
984	984	-0.8298	-0.1312	2	11
985	985	-0.8172	-0.2242	2	1
987	987	1.0921	0.1356	5	9
988	988	0.7907	-0.3856	3	5
989	989	0.7652	0.5452	5	1
991	991	-0.329	0.6902	1	6
796	796	-0.3196	-0.3064	4	7
797	797	-0.3875	0.6766	1	1
799	799	0.9101	-0.5096	3	86
800	800	-0.9721	-0.1067	2	21
801	801	0.1748	0.5883	1	5
803	803	-0.6524	0.2429	2	2
804	804	-0.0595	-0.4019	4	8
805	805	-0.7991	-0.1491	2	87
806	806	-0.2562	0.3861	5	2
808	808	-0.3507	-0.2894	4	1
809	809	0.1464	0.6198	1	1
810	810	-0.8007	-0.181	2	1
811	811	1.2136	0.2409	5	1
812	812	0.5353	-0.1837	3	76
813	813	-0.4147	0.6016	1	9
814	814	-0.5196	0.5567	2	7
816	816	0.5806	0.5367	5	1
818	818	-0.3518	-0.309	4	3
819	819	1.238	-0.259	3	9
820	820	0.5472	-0.1953	3	1
821	821	0.6773	-0.2575	3	84
822	822	-0.8282	-0.2285	2	3
823	823	-0.0634	-0.1278	4	3
824	824	-0.7693	-0.1646	2	5
825	825	-0.0195	0.7725	1	59
826	826	-0.6166	0.4415	2	1
827	827	-0.8919	-0.0618	2	5
828	828	-0.6208	0.1811	2	20
829	829	-0.3414	-0.4096	4	2
835	835	-0.3118	-0.1635	4	7
837	837	0.7811	0.0332	3	4
838	838	0.6133	-0.0745	3	7
840	840	-0.1252	0.8056	1	1
841	841	-0.8008	-0.2381	2	1
843	843	0.0637	-0.0396	4	1
844	844	-0.8361	0.0318	2	2
847	847	0.0941	0.0012	4	7
848	848	-0.5852	0.4182	2	1
849	849	-0.7482	-0.0562	2	8
851	851	0.9884	-0.3177	3	3
853	853	-0.7944	-0.1402	2	1
857	857	-0.9204	-0.0043	2	337
860	860	-0.8016	0.1223	2	16
861	861	-0.2421	0.9036	1	24
862	862	0.7646	-0.52	3	4
863	863	0.8329	0.2755	5	1
864	864	-0.7445	-0.1908	2	24
865	865	-0.7261	-0.2572	2	69
867	867	0.3899	-0.1201	4	1
868	868	0.803	-0.2639	3	69
870	870	0.2675	-0.5393	3	6
871	871	0.5765	0.3645	5	28
872	872	0.2763	-0.5029	3	38
873	873	-0.4921	-0.3041	4	4
874	874	0.2629	-0.2169	3	4
875	875	-0.8015	-0.2029	2	2
876	876	0.727	0.4849	5	3
877	877	0.2186	-0.0395	4	1
878	878	-0.9102	-0.0011	2	10
880	880	0.6548	0.4502	5	1
881	881	0.1788	0.5085	1	1
885	885	0.3619	-0.4565	3	1
886	886	-0.8022	-0.089	2	3
900	900	-0.8952	0.1415	2	3
901	901	0.6507	0.4572	5	3
689	689	-0.9163	0.0226	2	1
690	690	-0.9747	-0.1172	2	3
691	691	0.6076	-0.5546	3	2
692	692	0.9429	-0.0448	5	3
693	693	1.2555	-0.2649	3	16
702	702	0.9355	-0.4721	3	1
704	704	-0.7904	0.1414	2	4
705	705	0.6696	0.4238	5	2
706	706	0.2484	-0.0792	4	2
709	709	0.0219	-0.7221	3	12
710	710	0.6134	-0.4924	3	17
711	711	0.4279	-0.6279	3	1
712	712	-0.4367	-0.3601	2	112
715	715	-0.787	-0.1954	2	2
716	716	-0.8878	-0.1377	2	18
717	717	0.7675	-0.2625	3	15
719	719	-0.8456	-0.1236	2	164
721	721	-0.5097	0.5657	1	1
722	722	-0.786	0.0439	2	1
726	726	-0.0519	-0.2563	4	1
727	727	1.212	0.237	5	3
728	728	-1.0097	-0.1652	2	3
729	729	0.7793	-0.5082	3	7
731	731	-0.5405	-0.3357	2	42
733	733	-0.5587	-0.3147	2	4
734	734	-0.5142	-0.2721	2	2
735	735	0.6077	0.4849	5	2
736	736	-0.1982	-0.1545	4	2
740	740	-0.5509	-0.2892	2	11
741	741	0.5241	-0.5319	3	4
742	742	0.6981	-0.2511	3	3
744	744	-0.606	0.3157	2	2
745	745	0.8508	-0.1854	3	1
746	746	-0.2074	0.8008	1	1
748	748	0.7659	-0.1193	3	1
751	751	-0.2497	-0.1299	4	8
752	752	-0.0818	-0.3139	4	7
753	753	0.4856	-0.4753	3	4
754	754	-0.5577	0.5212	2	33
755	755	0.298	0.0286	4	4
758	758	-0.8093	-0.0538	2	5
760	760	-0.5226	-0.2505	4	231
762	762	-0.2315	-0.1363	4	1
763	763	0.7188	-0.4675	3	2
765	765	0.3231	-0.0068	4	663
768	768	-0.8544	-0.1898	2	7
774	774	0.8736	-0.4808	3	4
775	775	0.9862	-0.3103	3	1
776	776	0.8485	0.5356	5	26
777	777	-0.6384	0.3829	2	2
778	778	-0.8196	0.0163	2	2
779	779	1.0317	-0.0606	5	1
780	780	-0.9443	0.0089	2	1
781	781	-0.8228	-0.1598	2	38
784	784	1.0301	-0.0596	5	34
785	785	-0.0537	-0.3326	4	1
787	787	0.6605	-0.5912	3	41
789	789	-0.383	-0.2536	2	1
790	790	-0.2387	-0.1418	4	5
791	791	-0.456	-0.3735	4	1
794	794	-0.0874	0.0959	1	1
795	795	0.3451	-0.3831	3	85
596	596	-0.1312	0.7093	1	1
597	597	-0.9396	-0.0758	2	3
598	598	-0.9469	-0.1583	2	5
599	599	0.3007	0.0064	4	1
600	600	-0.5715	-0.2551	4	1
601	601	-0.1905	0.8416	1	15
604	604	-0.7305	-0.2645	2	1
607	607	-0.3008	0.0059	4	4
610	610	-0.6265	-0.2605	2	6
614	614	-0.361	0.6334	1	13
616	616	-0.0593	-0.3504	4	2
620	620	-0.0573	-0.3423	4	31
621	621	-0.8912	-0.214	2	2
622	622	-0.5059	0.5772	1	4
623	623	-0.7673	-0.2072	2	3
624	624	1.0273	0.1059	5	1
625	625	-0.3964	0.6774	1	11
626	626	0.3155	-0.0008	4	1
627	627	0.0105	-0.1601	4	1
628	628	-0.2431	-0.1511	4	106
630	630	0.7955	-0.4769	3	9
632	632	-0.3571	0.5705	1	202
634	634	-0.5038	-0.3724	2	9
636	636	0.7711	-0.5556	3	3
638	638	-0.5766	-0.2928	2	1
639	639	-0.7239	-0.0806	2	2014
640	640	0.7905	0.2461	5	10
642	642	-0.9555	-0.1365	2	10
643	643	0.6991	-0.253	3	3
645	645	-0.3061	-0.3002	4	5
646	646	-0.7837	-0.2037	2	2
647	647	0.8156	-0.097	3	26
648	648	0.7947	0.5753	5	4
649	649	0.3475	-0.5293	3	41
650	650	-0.7974	-0.1406	2	5
653	653	1.2131	0.2318	5	1
654	654	0.5018	-0.4938	3	2
656	656	-0.4064	-0.2124	4	7
657	657	-0.0896	-0.4408	3	4
658	658	0.2694	-0.6502	3	99
662	662	1.0247	-0.3337	3	360
666	666	0.6493	-0.4091	3	1
667	667	-0.4167	0.6378	1	1
668	668	-0.4908	-0.0595	2	6
670	670	0.7848	-0.1954	5	3
671	671	0.8472	0.5354	5	9
672	672	0.6691	0.3051	5	44
674	674	1.2098	0.2363	5	2
675	675	-0.7623	-0.2616	2	1
677	677	-0.6037	-0.2705	2	160
679	679	0.7664	0.2449	3	13
681	681	-0.854	-0.1804	2	3
682	682	0.8434	-0.4805	3	5
685	685	-0.0189	-0.6727	3	2
686	686	-0.5585	-0.1958	4	5
695	695	-0.1809	-0.1365	4	6
698	698	-0.452	0.001	2	9
699	699	-0.6737	-0.1522	2	9
701	701	0.7903	-0.3761	3	2
504	504	-0.6048	0.3125	2	13
505	505	-0.3943	0.5757	1	1
506	506	0.3945	-0.1137	4	1
507	507	0.6983	-0.2537	3	3
510	510	-0.6047	-0.3631	2	47
511	511	0.653	0.445	5	5
512	512	-0.8165	-0.1487	2	1
515	515	-0.6564	-0.186	2	87
516	516	-0.9035	-0.0007	2	21
517	517	-0.8926	-0.1567	2	1
518	518	-0.5732	-0.2555	4	2
520	520	-0.2543	0.8354	1	1
521	521	0.6358	0.4237	5	1
522	522	-0.7306	-0.2474	2	5
524	524	-0.8248	-0.1844	2	10
525	525	0.781	-0.3954	3	1
526	526	0.5414	-0.2072	4	2
528	528	-0.6712	-0.1752	2	1
529	529	0.8223	0.4484	5	6
530	530	-0.0564	-0.2429	4	1065
532	532	-0.7915	-0.1126	2	2
534	534	-0.9612	-0.1395	2	2
535	535	-0.8809	-0.0384	2	3
537	537	0.5832	0.4842	5	1
539	539	-0.1063	-0.122	4	2
541	541	0.916	0.4903	5	1
542	542	-0.1171	0.7101	1	1
543	543	0.7622	0.3798	5	1
544	544	-0.326	-0.182	4	27
545	545	0.3255	0.0149	4	1
546	546	0.2828	-0.6299	3	2
547	547	0.6423	0.4007	5	4
548	548	0.5042	-0.4903	3	3
550	550	1.1564	0.2054	5	1
551	551	-0.9649	-0.1374	2	61
552	552	0.5866	0.5177	5	14
553	553	-0.8535	-0.1389	2	6
555	555	-0.2716	-0.451	3	6
556	556	-0.2087	0.8722	1	10
558	558	-0.7037	-0.1887	2	25
560	560	-0.616	0.3357	2	135
561	561	-0.8526	-0.1936	2	1
562	562	-0.6014	-0.2202	2	7
564	564	1.2391	-0.2592	3	1
566	566	0.842	0.5428	5	2
568	568	-0.7463	0.2464	2	19
569	569	0.7871	-0.5092	3	4
570	570	-0.7632	-0.1636	2	2
571	571	-0.7741	-0.2188	2	1
572	572	-0.2592	0.8404	1	1
574	574	-0.4062	-0.0434	2	4
575	575	-0.4471	-0.4218	3	12
577	577	-0.8564	0.0113	2	8
579	579	-0.5261	0.5173	1	18
581	581	0.3361	-0.0656	4	36
582	582	0.2378	0.6275	1	4
585	585	-0.202	0.7801	1	3
586	586	0.7545	0.5453	5	1
587	587	-0.0279	0.7714	1	1
588	588	0.8558	0.2169	5	5
591	591	-0.8542	0.0317	2	149
592	592	0.8346	-0.0631	5	32
594	594	-0.5693	0.4919	2	4
398	398	0.2892	-0.0283	4	1
400	400	-0.7941	-0.0741	2	21
402	402	-0.7424	-0.2447	2	62
404	404	-0.7754	-0.1472	2	3
411	411	0.7851	-0.438	3	1
412	412	0.8885	-0.5032	3	1
414	414	-0.3209	-0.0429	3	5
416	416	-0.7813	-0.0879	2	2
417	417	0.3039	-0.4701	3	10
418	418	-0.782	0.2264	2	6
419	419	0.8578	0.2202	5	26
420	420	-0.179	-0.1228	4	1
421	421	0.0088	0.7653	1	2
426	426	0.885	-0.514	3	2
427	427	0.5801	0.5393	5	158
428	428	-0.4658	0.2987	2	15
429	429	0.0235	-0.72	3	2
430	430	-0.8893	0.0712	2	19
431	431	-0.8102	-0.2366	2	10
432	432	-0.5409	0.4953	2	1
433	433	-0.7411	-0.0388	2	26
434	434	-0.8036	-0.1221	2	1
435	435	-0.7371	-0.2034	2	15
436	436	0.6551	-0.1268	3	25
437	437	-0.1732	-0.1553	4	41
438	438	0.5402	-0.5383	3	1
439	439	-0.8314	-0.2077	2	2
440	440	0.3564	-0.4857	3	10
441	441	-0.9759	-0.0838	2	15
443	443	0.5113	-0.5346	3	12
444	444	0.79	-0.1547	3	35
445	445	-0.8702	-0.0657	2	52
446	446	-0.6654	-0.1431	2	5
447	447	-0.5576	-0.239	4	8
448	448	1.2403	-0.259	3	203
450	450	0.3581	-0.5266	3	7
451	451	0.7133	0.3782	5	3
452	452	1.2127	0.2365	5	1
453	453	0.7842	-0.3967	3	8
457	457	-0.7287	0.0179	2	20
460	460	-0.8093	0.1081	2	2
462	462	0.3269	-0.0741	4	6
463	463	0.6038	-0.0812	4	1
466	466	0.2601	-0.6425	3	3
467	467	0.9187	-0.4214	3	46
470	470	0.9911	0.0136	5	2
471	471	0.6997	0.4111	5	2
472	472	-0.2553	-0.1632	4	2
474	474	1.0264	0.2746	5	8
475	475	0.65	-0.1701	3	10
476	476	-0.1287	0.6261	1	9
477	477	0.1311	0.6262	1	121
478	478	-0.1	-0.4526	3	7
481	481	0.5308	0.62	5	45
482	482	-0.8148	0.0115	2	3
483	483	0.6815	-0.1121	3	1
486	486	0.7866	-0.4061	3	2
487	487	-0.6231	-0.2532	2	122
489	489	0.7722	-0.3961	3	1
491	491	0.1249	-0.512	3	16
492	492	-0.6221	-0.2528	2	3
493	493	-0.3298	-0.1481	2	1
495	495	0.7284	0.5947	5	57
496	496	-0.8681	-0.0769	2	66
501	501	-0.2698	-0.2204	4	3
502	502	0.007	-0.7162	3	1
306	306	-0.9367	0.052	2	2
307	307	0.5075	0.5537	5	1
308	308	-0.8183	-0.0893	2	3
309	309	-0.2215	0.8239	1	4
310	310	-0.9661	0.0094	2	10
312	312	0.8454	-0.463	5	43
313	313	0.0752	-0.3164	4	2
316	316	-0.2638	-0.1911	4	1
317	317	-0.5969	0.4552	2	7
319	319	0.1779	0.5059	1	76
321	321	0.0719	0.7324	1	3
323	323	-0.7463	-0.2043	2	26
324	324	-0.6715	-0.1597	4	2
325	325	-0.9443	-0.1806	2	1
329	329	-0.8145	0.0859	2	1
330	330	0.7737	0.575	5	1
332	332	0.4669	0.42	5	31
335	335	0.6104	0.4947	5	46
337	337	0.9604	-0.3448	3	1104
338	338	-0.8172	0.0462	2	15
339	339	-0.563	0.5168	2	1
340	340	0.6581	-0.2788	3	438
342	342	-0.6312	-0.0225	2	34
344	344	-0.8214	-0.1679	2	1
347	347	-0.3398	0.6445	1	4
348	348	0.8313	0.2809	5	9
349	349	-0.8518	-0.1368	2	5
350	350	0.553	-0.4461	3	2
352	352	-0.5919	-0.3788	4	2
353	353	-0.2941	-0.2794	4	10
355	355	0.8603	-0.486	3	13
356	356	0.7813	-0.5492	3	1
357	357	0.7608	-0.5297	3	1
358	358	0.7093	0.6098	5	9
360	360	-0.8191	-0.182	2	3
361	361	0.7205	-0.5465	3	3
362	362	1.2513	-0.2631	3	1
363	363	-0.1424	0.7863	1	5
364	364	0.7863	-0.0724	3	32
365	365	-0.1094	-0.4477	3	3
366	366	-0.5697	0.4582	2	2
369	369	0.5129	-0.5347	3	4
371	371	-0.4145	-0.2783	4	7
373	373	0.2353	-0.6311	3	6
374	374	-0.1477	-0.531	3	14
375	375	-0.9079	0.0072	2	1
376	376	-0.2536	0.8772	1	582
379	379	0.896	-0.4747	3	2
380	380	0.8125	-0.4372	3	6
381	381	1.2542	-0.2651	3	297
382	382	0.7898	-0.3922	3	1
383	383	-0.9544	-0.1399	2	101
384	384	0.5759	0.182	3	3
385	385	0.8042	-0.3874	3	9
388	388	0.7317	0.5796	5	66
390	390	-0.7406	0.143	2	10
392	392	-0.9392	-0.178	2	6
393	393	0.7885	-0.395	3	144
394	394	0.848	0.5326	5	38
396	396	-0.864	0.1703	2	13
397	397	-0.9179	0.0066	2	4
405	405	-0.4985	-0.0822	5	2
408	408	0.4495	-0.611	3	9
202	202	0.7781	0.3597	5	96
204	204	0.2993	0.0291	4	5
205	205	-0.5714	0.4679	2	2
206	206	-0.5472	0.4812	2	2
208	208	-0.6618	0.2544	2	1
209	209	-0.8857	-0.2112	2	14
211	211	-0.3947	0.5572	2	15
218	218	-0.9519	-0.1537	2	1
219	219	-0.7853	0.1797	2	2
220	220	-0.8194	-0.0898	2	2
222	222	-0.3577	-0.3257	4	55
224	224	-0.6035	0.459	2	16
225	225	-0.9121	0.0079	2	38
226	226	-0.8947	-0.0028	2	9
227	227	-0.2016	0.7947	1	7
228	228	0.3266	0.0225	4	10
229	229	-0.067	0.7459	1	2
230	230	0.7461	0.5879	5	9
231	231	-0.017	-0.5146	3	6
232	232	-0.7734	-0.2038	2	19
233	233	0.3452	-0.3491	3	81
234	234	-0.126	0.8143	1	24
235	235	0.6316	-0.5565	3	7
238	238	0.5133	0.6275	5	2
239	239	-0.1273	-0.1718	4	1
241	241	-0.8916	-0.2225	2	19
243	243	-0.3594	-0.3161	4	6
244	244	-0.8296	-0.1827	2	1
245	245	-0.9085	-0.0553	2	5
248	248	-0.5235	0.5095	2	1
249	249	0.0217	0.7403	1	3
250	250	-0.739	-0.0106	2	2
252	252	-0.5705	0.4577	2	2
253	253	-0.2121	0.8767	1	19
256	256	0.8579	0.2214	5	353
257	257	0.8349	0.2419	5	1
258	258	-0.2885	-0.332	4	4
259	259	-0.9831	-0.0812	2	4
261	261	-0.9414	-0.1579	2	141
263	263	-0.8078	-0.2444	2	1
264	264	0.7062	-0.0385	4	4
265	265	-0.5414	-0.2726	4	1
266	266	-0.7095	-0.2434	2	8
267	267	0.046	0.7721	1	36
268	268	-0.7215	-0.2332	2	5
270	270	-0.531	0.5263	2	185
272	272	0.3433	-0.4958	3	1
273	273	-0.8347	0.0769	2	15
274	274	0.871	-0.5339	3	59
275	275	-0.6691	0.2906	2	60
277	277	0.6748	-0.4197	3	1
278	278	0.2727	-0.5024	3	109
279	279	-0.712	0.0418	2	123
281	281	0.7941	0.1631	5	1
282	282	0.857	0.2099	5	37
283	283	1.2534	-0.2666	3	1
284	284	-0.9045	0.0822	2	7
285	285	-0.413	0.4477	2	1
286	286	-0.1035	-0.4081	3	48
289	289	-0.9371	-0.0874	2	1
290	290	-0.8467	-0.1435	2	36
291	291	-0.9214	0.0121	2	4
292	292	-0.0664	0.7906	1	5
293	293	-0.7456	-0.2255	2	7
294	294	0.5646	0.6327	5	1
295	295	0.4733	-0.1905	4	2
296	296	0.6613	-0.5555	3	810
297	297	-0.6598	-0.2288	2	17
298	298	0.6329	-0.1348	3	7
299	299	0.9618	-0.3556	3	96
301	301	1.1835	0.1904	5	3
305	305	-0.8782	0.1764	2	42
108	108	0.1423	-0.4112	3	7
110	110	-0.8302	0.0287	2	26
111	111	1.2538	-0.2649	3	3
112	112	0.5923	-0.5576	3	1
113	113	-0.1784	0.855	1	2
114	114	0.7806	-0.5093	3	3
115	115	-0.373	-0.3652	4	13
116	116	-0.0395	0.7429	1	4
117	117	0.3143	0.0128	4	78
120	120	0.3806	-0.4685	3	1
121	121	-0.2262	-0.1192	4	19
122	122	0.9475	-0.4203	3	3
123	123	-0.3163	0.7234	1	9
124	124	-0.8384	-0.1012	2	36
125	125	-0.7872	0.1482	2	39
126	126	0.935	-0.3421	3	1
127	127	0.6682	-0.2074	3	6
128	128	-0.9289	-0.1363	2	13
130	130	-0.3785	-0.3221	4	17
131	131	0.024	-0.7206	3	4
132	132	0.7809	-0.2832	3	27
133	133	0.8121	-0.5184	3	2
134	134	1.0759	0.0895	3	3
136	136	-0.6191	-0.2169	2	56
137	137	0.6899	-0.4242	3	8
139	139	-0.8808	-0.0469	2	3
140	140	0.3619	-0.5513	3	5
141	141	-0.8174	-0.021	2	6
143	143	-0.9183	-0.0852	2	6
144	144	-0.5287	0.532	2	2
146	146	-0.9085	0.0008	2	20
147	147	-0.9243	-0.1405	2	5
149	149	-0.8948	-0.1482	2	1
150	150	-0.7975	-0.1819	2	1
152	152	-0.7738	-0.1696	2	1
153	153	-0.2667	0.7926	1	45
154	154	-0.8394	-0.1286	2	2
156	156	0.4911	-0.4494	3	1
157	157	-0.5574	0.5176	2	1
158	158	-0.902	-0.2036	2	16
160	160	-0.6265	0.4477	2	3
162	162	0.6881	0.4053	5	2
164	164	1.2486	-0.2524	3	10
165	165	-0.3412	-0.3154	4	1
166	166	-0.7713	-0.1828	2	4
167	167	-0.5262	0.502	2	21
169	169	1.2426	-0.2583	3	3
170	170	0.6154	-0.5662	3	1
171	171	-0.5527	-0.2825	2	6
172	172	0.7539	0.4718	5	1
173	173	-0.6551	-0.206	2	41
174	174	0.5239	-0.5618	3	1
176	176	-0.8849	0.0516	2	1
178	178	1.0316	-0.0605	5	35
179	179	-0.8669	-0.0896	2	1
181	181	-0.9211	-0.1799	2	50
182	182	-0.5004	-0.2689	4	1042
183	183	-0.752	-0.0777	2	6
184	184	-0.5163	-0.2826	4	2
188	188	0.7717	-0.26	3	5
189	189	0.9562	-0.359	3	60
191	191	0.3902	-0.1235	4	55
192	192	-0.6261	0.2958	2	62
193	193	-0.5506	0.4925	2	4
195	195	0.8329	-0.5067	3	1
196	196	-0.8853	-0.1892	2	15
198	198	-0.7332	0.1462	2	18
201	201	-0.935	-0.0071	2	1
212	212	-0.1861	-0.1362	4	2
213	213	1.2549	-0.2652	3	5
214	214	-0.182	-0.2143	4	2
215	215	-0.3425	0.6324	1	1
0	0	-0.7941	-0.1434	2	2
2	2	0.0174	-0.7186	3	9
3	3	-0.7155	-0.2076	2	22
5	5	0.3134	-0.008	4	21
14	14	0.0436	0.756	1	7
15	15	1.2375	-0.2718	3	139
17	17	-0.581	0.3992	2	1
18	18	-0.7595	-0.1782	2	2
19	19	0.3292	-0.4732	3	7
20	20	0.875	-0.4801	3	24
21	21	1.2421	-0.2581	3	244
22	22	0.705	-0.5574	3	1
23	23	0.8403	-0.4824	3	21
24	24	-0.1697	0.8403	1	5
25	25	-0.7703	-0.1795	2	1
27	27	0.8414	0.5416	5	1
28	28	-0.6843	-0.1651	2	7
30	30	0.9223	-0.4044	3	2
31	31	-0.1914	0.7522	1	6
32	32	0.0536	0.7325	1	67
33	33	0.7812	0.5589	5	5
34	34	-0.2208	-0.1287	4	3
35	35	-0.6702	0.2305	2	12
36	36	0.2753	-0.4378	3	1
38	38	0.4308	-0.6236	3	40
39	39	-0.2742	-0.1955	4	2
40	40	0.6214	-0.551	3	12
41	41	0.2306	-0.6859	3	2
42	42	-0.6409	0.29	2	1
43	43	-0.6074	-0.379	4	2
45	45	-0.6529	-0.2548	2	22
46	46	1.2482	-0.21	3	1
47	47	0.3154	0.0202	4	2
48	48	0.6493	0.4479	5	4
50	50	0.4617	-0.0895	4	2
52	52	0.6144	-0.5614	3	1
54	54	-0.8273	-0.022	2	4
56	56	0.217	-0.0553	4	1
57	57	-0.9149	-0.1604	2	11
58	58	-0.2642	-0.1814	4	2
61	61	-0.8196	-0.0734	2	5
62	62	-0.8353	-0.0647	2	67
63	63	-0.487	-0.2136	4	47
64	64	-0.6137	-0.2338	2	9
65	65	0.7794	-0.5486	3	1
66	66	-0.2604	-0.1819	4	3
68	68	-0.7301	0.0103	2	2
69	69	-0.1866	-0.2699	4	45
70	70	0.648	0.4504	5	11
71	71	0.5051	-0.5238	3	4
72	72	-0.1735	0.8423	1	5
73	73	0.2576	0.0575	4	5
74	74	-0.3464	0.5432	2	8
75	75	-0.6245	-0.0229	2	1
76	76	-0.0192	-0.1601	4	2
77	77	-0.115	-0.1703	4	4
78	78	-0.7561	0.2026	2	1
80	80	-0.5564	0.4388	2	54
81	81	0.6022	-0.5521	3	1
82	82	-0.5019	-0.3044	2	67
83	83	0.6427	-0.5631	3	3
84	84	1.0257	-0.3338	3	8
85	85	0.0468	0.7518	1	1
86	86	-0.6469	-0.1956	2	1
87	87	-0.1647	-0.1417	4	49
91	91	0.4886	-0.3976	3	9
94	94	-0.806	-0.0075	2	62
97	97	0.3213	-0.4716	3	8
98	98	-0.8035	-0.239	2	1
100	100	-0.1334	0.7659	1	1
101	101	-0.8863	-0.1494	2	14
103	103	1.2351	-0.2586	3	2
104	104	1.0234	-0.3504	3	2
105	105	0.7054	-0.5382	3	5
106	106	0.3231	-0.5068	3	2
6	6	0.6773	-0.5092	3	1
7	7	0.3382	-0.6328	3	19
8	8	0.5269	-0.5983	3	70
10	10	0.6935	-0.5009	3	2
11	11	-0.8493	-0.2022	2	3
12	12	0.6135	-0.5599	3	1
13	13	-0.8374	-0.2054	2	33