id	label	x	y	cluster	weight
1289	1289	-0.7918	0.0806	2	4
3481	3481	0.0219	-0.4058	4	4
3367	3367	0.6972	0.6196	5	1
3389	3389	0.1885	0.2182	1	3
3396	3396	0.5775	0.6185	5	1
3415	3415	-0.918	0.0629	2	1
3222	3222	-0.9807	-0.1984	2	1
3225	3225	-0.0475	0.8121	1	1
3097	3097	0.7954	-0.4039	3	2
3127	3127	-0.6367	-0.4069	3	1
3146	3146	0.9758	-0.3276	3	2
3006	3006	0.4431	-0.4753	3	1
2888	2888	0.1811	0.3708	2	1
2903	2903	0.3532	-0.6347	3	1
2935	2935	0.7054	0.6155	5	1
2967	2967	-0.7855	0.2459	2	1
2832	2832	-0.8549	-0.2429	2	1
2668	2668	0.3273	0.6017	5	1
2689	2689	1.2566	-0.2634	3	1
2705	2705	0.676	-0.5207	3	1
2729	2729	0.8655	-0.4911	3	1
2736	2736	-0.8891	-0.1716	2	1
2741	2741	-0.2121	-0.1654	4	1
2576	2576	0.6845	0.1395	3	1
2599	2599	0.9887	-0.19	3	1
2607	2607	0.7926	-0.3883	3	1
2524	2524	-0.2747	-0.5777	3	2
2554	2554	-0.8725	-0.2135	2	1
2413	2413	-0.638	0.3051	2	2
2431	2431	-0.2223	0.8962	1	1
2478	2478	-0.7152	-0.2091	2	1
2308	2308	1.1104	0.2307	5	3
2334	2334	0.8491	-0.0941	3	1
2184	2184	-0.2059	-0.1304	4	3
2186	2186	-0.9132	-0.1512	2	3
2204	2204	-0.2398	0.904	1	1
2256	2256	-0.5308	-0.283	4	1
2079	2079	-0.6649	-0.1682	2	2
2127	2127	-0.1805	0.7936	1	1
2135	2135	-0.9826	-0.0908	2	1
2166	2166	-0.1677	-0.1559	4	2
1984	1984	-0.4203	-0.3523	2	1
1990	1990	0.7874	0.39	5	1
1994	1994	0.5817	0.1419	3	1
2002	2002	0.6506	0.447	5	1
2009	2009	1.188	0.1832	3	1
2022	2022	-0.1944	0.7864	1	1
2028	2028	0.8562	-0.2769	3	3
2042	2042	-0.6282	-0.4077	2	1
2073	2073	-0.8744	0.1031	2	1
1922	1922	0.5304	0.6698	5	1
1972	1972	-0.3435	-0.3117	4	1
1891	1891	0.941	-0.4189	3	4
1897	1897	0.2511	-0.5535	3	2
1785	1785	-0.7992	-0.1237	2	1
1799	1799	0.6608	0.4163	5	1
1827	1827	-0.7779	-0.2092	2	1
1847	1847	0.8059	-0.0059	5	1
1693	1693	0.8456	0.5378	5	1
1702	1702	0.7258	-0.5021	3	1
1718	1718	-0.846	0.0835	2	1
1722	1722	0.5797	-0.1253	3	1
1738	1738	0.9075	0.3487	3	11
1743	1743	-0.5334	0.5384	1	1
1748	1748	0.697	0.4296	5	1
1753	1753	0.4381	0.6714	5	1
1758	1758	0.4427	-0.5014	3	1
1595	1595	-0.8296	0.1741	2	1
1602	1602	-0.7551	-0.032	2	2
1605	1605	-0.0571	-0.4374	3	7
1608	1608	0.4787	0.584	5	1
1654	1654	-0.1024	0.1486	4	1
1656	1656	0.3262	0.2111	4	1
1657	1657	-0.495	-0.3787	2	1
1504	1504	0.5735	-0.5575	3	1
1505	1505	0.8738	-0.5127	3	1
1518	1518	0.4612	-0.3774	3	2
1519	1519	-0.9387	0.084	2	2
1538	1538	1.203	0.2452	5	1
1542	1542	0.8356	0.2849	5	1
1559	1559	0.7755	-0.4352	3	1
1564	1564	-0.7942	-0.2299	2	1
1572	1572	-0.6197	0.4489	2	2
1576	1576	-0.5425	0.532	2	25
1577	1577	0.7961	0.406	5	1
1429	1429	0.3522	-0.5092	3	1
1447	1447	0.2587	-0.0035	4	2
1468	1468	-0.8147	-0.1249	2	4
1284	1284	-0.8514	-0.087	2	2
1293	1293	-0.8607	-0.2241	2	1
1332	1332	0.7734	-0.259	3	56
1337	1337	1.2494	-0.2513	3	1
1352	1352	0.8709	0.1792	5	1
1360	1360	0.022	0.3581	4	1
1366	1366	-0.6606	-0.2841	2	1
1190	1190	0.5285	0.5407	5	1
1237	1237	0.544	-0.2085	4	2
1240	1240	0.4788	0.0846	3	1
1246	1246	-0.6442	-0.1836	2	1
1247	1247	0.8096	-0.0979	3	1
1249	1249	1.2124	0.2357	5	1
1083	1083	0.6398	0.4477	5	19
1120	1120	1.0309	-0.0603	5	4
1124	1124	-0.8832	-0.1311	2	2
1139	1139	0.7024	0.5924	5	1
1145	1145	0.5989	0.5657	5	1
1167	1167	1.0205	-0.3479	3	1
1175	1175	0.4135	0.4319	5	5
1181	1181	-0.6902	-0.2356	2	1
1185	1185	0.6914	0.1807	3	2
1000	1000	1.0342	0.155	5	1
1012	1012	-0.9416	-0.076	2	2
1024	1024	0.8884	0.0177	5	2
1028	1028	0.7355	0.5974	5	1
1030	1030	-0.9821	-0.0933	2	1
1041	1041	-0.9351	-0.1122	2	1
897	897	0.5699	-0.5509	3	1
908	908	0.8372	0.2851	5	1
920	920	0.7745	-0.0274	3	2
940	940	0.4022	-0.4354	3	1
953	953	0.6497	-0.6278	3	1
967	967	-0.793	-0.1308	2	1
799	799	0.9101	-0.5096	3	1
800	800	-0.9721	-0.1067	2	1
857	857	-0.9204	-0.0043	2	3
864	864	-0.7445	-0.1908	2	1
731	731	-0.5405	-0.3357	2	1
754	754	-0.5577	0.5212	2	1
760	760	-0.5226	-0.2505	4	5
765	765	0.3231	-0.0068	4	17
784	784	1.0301	-0.0596	5	1
795	795	0.3451	-0.3831	3	1
628	628	-0.2431	-0.1511	4	1
632	632	-0.3571	0.5705	1	10
636	636	0.7711	-0.5556	3	1
639	639	-0.7239	-0.0806	2	132
643	643	0.6991	-0.253	3	1
647	647	0.8156	-0.097	3	1
649	649	0.3475	-0.5293	3	4
658	658	0.2694	-0.6502	3	1
662	662	1.0247	-0.3337	3	4
670	670	0.7848	-0.1954	5	1
677	677	-0.6037	-0.2705	2	3
699	699	-0.6737	-0.1522	2	1
510	510	-0.6047	-0.3631	2	1
515	515	-0.6564	-0.186	2	1
530	530	-0.0564	-0.2429	4	26
532	532	-0.7915	-0.1126	2	1
558	558	-0.7037	-0.1887	2	1
560	560	-0.616	0.3357	2	2
428	428	-0.4658	0.2987	2	1
430	430	-0.8893	0.0712	2	1
437	437	-0.1732	-0.1553	4	1
440	440	0.3564	-0.4857	3	1
441	441	-0.9759	-0.0838	2	2
445	445	-0.8702	-0.0657	2	2
448	448	1.2403	-0.259	3	4
467	467	0.9187	-0.4214	3	1
487	487	-0.6231	-0.2532	2	1
495	495	0.7284	0.5947	5	1
496	496	-0.8681	-0.0769	2	1
316	316	-0.2638	-0.1911	4	1
319	319	0.1779	0.5059	1	1
323	323	-0.7463	-0.2043	2	1
335	335	0.6104	0.4947	5	1
337	337	0.9604	-0.3448	3	20
340	340	0.6581	-0.2788	3	10
342	342	-0.6312	-0.0225	2	1
376	376	-0.2536	0.8772	1	11
381	381	1.2542	-0.2651	3	4
383	383	-0.9544	-0.1399	2	1
390	390	-0.7406	0.143	2	1
393	393	0.7885	-0.395	3	3
202	202	0.7781	0.3597	5	1
204	204	0.2993	0.0291	4	1
209	209	-0.8857	-0.2112	2	1
211	211	-0.3947	0.5572	2	1
222	222	-0.3577	-0.3257	4	1
224	224	-0.6035	0.459	2	1
234	234	-0.126	0.8143	1	1
241	241	-0.8916	-0.2225	2	1
256	256	0.8579	0.2214	5	5
274	274	0.871	-0.5339	3	1
275	275	-0.6691	0.2906	2	1
278	278	0.2727	-0.5024	3	4
286	286	-0.1035	-0.4081	3	1
290	290	-0.8467	-0.1435	2	1
293	293	-0.7456	-0.2255	2	1
299	299	0.9618	-0.3556	3	3
117	117	0.3143	0.0128	4	2
124	124	-0.8384	-0.1012	2	1
132	132	0.7809	-0.2832	3	2
158	158	-0.902	-0.2036	2	1
167	167	-0.5262	0.502	2	1
181	181	-0.9211	-0.1799	2	1
182	182	-0.5004	-0.2689	4	1
2	2	0.0174	-0.7186	3	1
3	3	-0.7155	-0.2076	2	1
15	15	1.2375	-0.2718	3	1
20	20	0.875	-0.4801	3	1
32	32	0.0536	0.7325	1	1
45	45	-0.6529	-0.2548	2	1
62	62	-0.8353	-0.0647	2	1
63	63	-0.487	-0.2136	4	1
80	80	-0.5564	0.4388	2	2
82	82	-0.5019	-0.3044	2	1
94	94	-0.806	-0.0075	2	2