cluster_id1	weight	perc_cluster
87	1036	10,60171000
156	761	7,78755000
50	613	6,27302000
208	461	4,71756000
252	375	3,83749000
412	307	3,14162000
348	286	2,92672000
66	238	2,43553000
17	202	2,06713000
1247	200	2,04666000
78	186	1,90339000
1918	182	1,86246000
6	151	1,54523000
772	139	1,42243000
28	138	1,41219000
14	133	1,36103000
1847	118	1,20753000
734	107	1,09496000
857	102	1,04379000
25	89	0,91076000
128	88	0,90053000
1854	86	0,88006000
377	76	0,77773000
299	65	0,66516000
1231	63	0,64469000
849	60	0,61399000
1077	57	0,58329000
1956	54	0,55259000
2721	52	0,53213000
201	51	0,52189000
530	49	0,50143000
19	47	0,48096000
911	45	0,46049000
245	45	0,46049000
5	42	0,42979000
2112	42	0,42979000
721	40	0,40933000
256	39	0,39909000
479	35	0,35816000
593	34	0,34793000
1263	34	0,34793000
942	33	0,33769000
98	32	0,32746000
1743	32	0,32746000
1450	30	0,30699000
556	29	0,29676000
105	27	0,27629000
1025	26	0,26606000
525	25	0,25583000
3573	25	0,25583000
308	25	0,25583000
2635	25	0,25583000
41	24	0,24559000
1927	24	0,24559000
360	24	0,24559000
1525	23	0,23536000
150	23	0,23536000
337	23	0,23536000
2074	23	0,23536000
1313	22	0,22513000
2933	22	0,22513000
184	22	0,22513000
501	22	0,22513000
1276	22	0,22513000
205	21	0,21489000
557	21	0,21489000
765	20	0,20466000
1369	20	0,20466000
11	20	0,20466000
2725	19	0,19443000
839	19	0,19443000
301	19	0,19443000
1468	19	0,19443000
1129	18	0,18419000
1343	18	0,18419000
178	17	0,17396000
97	17	0,17396000
1580	17	0,17396000
2121	16	0,16373000
1219	16	0,16373000
1831	16	0,16373000
1113	16	0,16373000
2	16	0,16373000
274	16	0,16373000
2126	16	0,16373000
1457	15	0,15349000
350	15	0,15349000
1258	15	0,15349000
2081	15	0,15349000
352	15	0,15349000
532	15	0,15349000
323	14	0,14326000
2463	14	0,14326000
44	14	0,14326000
1291	14	0,14326000
785	14	0,14326000
1015	14	0,14326000
595	13	0,13303000
959	13	0,13303000
1958	13	0,13303000
75	13	0,13303000
1604	13	0,13303000
1401	13	0,13303000
107	13	0,13303000
1709	12	0,12279000
2300	12	0,12279000
623	11	0,11256000
3115	11	0,11256000
381	11	0,11256000
355	11	0,11256000
848	11	0,11256000
2670	11	0,11256000
910	11	0,11256000
2261	10	0,10233000
1340	10	0,10233000
1460	10	0,10233000
3106	10	0,10233000
639	10	0,10233000
697	10	0,10233000
2277	10	0,10233000
1490	10	0,10233000
227	10	0,10233000
3396	9	0,09209000
1669	9	0,09209000
0	9	0,09209000
114	9	0,09209000
684	8	0,08186000
865	8	0,08186000
218	8	0,08186000
393	8	0,08186000
891	8	0,08186000
599	8	0,08186000
2743	8	0,08186000
2629	8	0,08186000
878	8	0,08186000
1865	8	0,08186000
1928	7	0,07163000
981	7	0,07163000
71	7	0,07163000
2080	7	0,07163000
811	7	0,07163000
316	7	0,07163000
534	7	0,07163000
1410	7	0,07163000
760	7	0,07163000
923	7	0,07163000
2849	7	0,07163000
880	7	0,07163000
1738	7	0,07163000
630	7	0,07163000
8	7	0,07163000
220	7	0,07163000
203	7	0,07163000
1892	6	0,06139000
3212	6	0,06139000
158	6	0,06139000
699	6	0,06139000
2914	6	0,06139000
3049	6	0,06139000
425	6	0,06139000
2557	6	0,06139000
2437	6	0,06139000
230	6	0,06139000
341	6	0,06139000
1447	6	0,06139000
125	6	0,06139000
271	6	0,06139000
1948	6	0,06139000
1407	6	0,06139000
2331	6	0,06139000
602	6	0,06139000
204	6	0,06139000
286	6	0,06139000
449	6	0,06139000
408	6	0,06139000
1605	6	0,06139000
248	5	0,05116000
677	5	0,05116000
752	5	0,05116000
2223	5	0,05116000
651	5	0,05116000
290	5	0,05116000
2294	5	0,05116000
1120	5	0,05116000
2240	5	0,05116000
1553	5	0,05116000
875	5	0,05116000
2088	5	0,05116000
1587	5	0,05116000
267	5	0,05116000
2334	5	0,05116000
1352	5	0,05116000
3250	5	0,05116000
1626	5	0,05116000
2791	5	0,05116000
481	5	0,05116000
215	5	0,05116000
123	5	0,05116000
558	5	0,05116000
2882	5	0,05116000
2745	5	0,05116000
924	5	0,05116000
1462	5	0,05116000
486	5	0,05116000
386	4	0,04093000
1382	4	0,04093000
2630	4	0,04093000
266	4	0,04093000
1740	4	0,04093000
695	4	0,04093000
452	4	0,04093000
1597	4	0,04093000
3220	4	0,04093000
1491	4	0,04093000
921	4	0,04093000
1013	4	0,04093000
2800	4	0,04093000
1904	4	0,04093000
1947	4	0,04093000
467	4	0,04093000
1778	4	0,04093000
450	4	0,04093000
2187	4	0,04093000
2357	4	0,04093000
3104	4	0,04093000
1169	4	0,04093000
58	4	0,04093000
1289	4	0,04093000
21	4	0,04093000
3748	4	0,04093000
3485	4	0,04093000
1878	4	0,04093000
2505	4	0,04093000
496	4	0,04093000
2560	4	0,04093000
374	4	0,04093000
1830	4	0,04093000
645	4	0,04093000
2148	4	0,04093000
774	4	0,04093000
1777	4	0,04093000
1058	4	0,04093000
1316	4	0,04093000
1628	3	0,03069000
1324	3	0,03069000
251	3	0,03069000
82	3	0,03069000
3371	3	0,03069000
1012	3	0,03069000
3022	3	0,03069000
996	3	0,03069000
2201	3	0,03069000
1852	3	0,03069000
800	3	0,03069000
731	3	0,03069000
1776	3	0,03069000
104	3	0,03069000
2354	3	0,03069000
1939	3	0,03069000
1747	3	0,03069000
1656	3	0,03069000
3030	3	0,03069000
2186	3	0,03069000
560	3	0,03069000
1101	3	0,03069000
482	3	0,03069000
1493	3	0,03069000
305	3	0,03069000
2249	3	0,03069000
447	3	0,03069000
1088	3	0,03069000
476	3	0,03069000
2537	3	0,03069000
2288	3	0,03069000
2291	3	0,03069000
1203	3	0,03069000
1942	3	0,03069000
622	3	0,03069000
64	3	0,03069000
485	3	0,03069000
2022	3	0,03069000
1040	3	0,03069000
2806	3	0,03069000
152	3	0,03069000
1775	3	0,03069000
1546	3	0,03069000
905	3	0,03069000
112	3	0,03069000
1145	3	0,03069000
321	3	0,03069000
484	3	0,03069000
232	3	0,03069000
278	3	0,03069000
1944	3	0,03069000
902	3	0,03069000
1635	3	0,03069000
3504	3	0,03069000
2010	3	0,03069000
636	3	0,03069000
15	3	0,03069000
1311	3	0,03069000
83	3	0,03069000
784	3	0,03069000
1279	3	0,03069000
1379	3	0,03069000
54	3	0,03069000
1703	3	0,03069000
4004	3	0,03069000
1185	3	0,03069000
3114	3	0,03069000
1348	3	0,03069000
578	3	0,03069000
1723	3	0,03069000
1325	3	0,03069000
1331	2	0,02046000
2705	2	0,02046000
2619	2	0,02046000
3005	2	0,02046000
435	2	0,02046000
1843	2	0,02046000
57	2	0,02046000
2444	2	0,02046000
2390	2	0,02046000
3532	2	0,02046000
2281	2	0,02046000
366	2	0,02046000
1428	2	0,02046000
2135	2	0,02046000
143	2	0,02046000
2178	2	0,02046000
867	2	0,02046000
956	2	0,02046000
363	2	0,02046000
223	2	0,02046000
438	2	0,02046000
2147	2	0,02046000
2104	2	0,02046000
192	2	0,02046000
710	2	0,02046000
616	2	0,02046000
3324	2	0,02046000
2685	2	0,02046000
1254	2	0,02046000
2488	2	0,02046000
1675	2	0,02046000
1824	2	0,02046000
72	2	0,02046000
1137	2	0,02046000
527	2	0,02046000
2110	2	0,02046000
2425	2	0,02046000
2471	2	0,02046000
1083	2	0,02046000
3837	2	0,02046000
193	2	0,02046000
342	2	0,02046000
1020	2	0,02046000
1275	2	0,02046000
413	2	0,02046000
436	2	0,02046000
1361	2	0,02046000
1338	2	0,02046000
422	2	0,02046000
1441	2	0,02046000
662	2	0,02046000
771	2	0,02046000
1850	2	0,02046000
776	2	0,02046000
1138	2	0,02046000
2541	2	0,02046000
288	2	0,02046000
211	2	0,02046000
1919	2	0,02046000
3082	2	0,02046000
3414	2	0,02046000
396	2	0,02046000
986	2	0,02046000
1627	2	0,02046000
3076	2	0,02046000
2435	2	0,02046000
614	2	0,02046000
1593	2	0,02046000
1933	2	0,02046000
1166	2	0,02046000
2778	2	0,02046000
3018	2	0,02046000
705	2	0,02046000
1467	2	0,02046000
3064	2	0,02046000
3207	2	0,02046000
1415	2	0,02046000
873	2	0,02046000
804	2	0,02046000
586	2	0,02046000
2023	2	0,02046000
1284	2	0,02046000
1576	2	0,02046000
2103	2	0,02046000
3099	2	0,02046000
2509	2	0,02046000
222	2	0,02046000
463	2	0,02046000
1556	2	0,02046000
723	2	0,02046000
823	2	0,02046000
33	2	0,02046000
1075	2	0,02046000
906	2	0,02046000
13	2	0,02046000
1814	2	0,02046000
3062	2	0,02046000
597	2	0,02046000
3388	2	0,02046000
1711	2	0,02046000
1874	2	0,02046000
3225	1	0,01023000
1233	1	0,01023000
191	1	0,01023000
454	1	0,01023000
3033	1	0,01023000
1024	1	0,01023000
1522	1	0,01023000
640	1	0,01023000
2870	1	0,01023000
1542	1	0,01023000
162	1	0,01023000
1072	1	0,01023000
563	1	0,01023000
1310	1	0,01023000
709	1	0,01023000
228	1	0,01023000
511	1	0,01023000
1124	1	0,01023000
3282	1	0,01023000
483	1	0,01023000
136	1	0,01023000
1038	1	0,01023000
2947	1	0,01023000
3998	1	0,01023000
1336	1	0,01023000
3302	1	0,01023000
2306	1	0,01023000
2612	1	0,01023000
448	1	0,01023000
62	1	0,01023000
726	1	0,01023000
2996	1	0,01023000
2604	1	0,01023000
1430	1	0,01023000
3102	1	0,01023000
2555	1	0,01023000
1290	1	0,01023000
1147	1	0,01023000
2003	1	0,01023000
88	1	0,01023000
1241	1	0,01023000
1270	1	0,01023000
1888	1	0,01023000
22	1	0,01023000
1356	1	0,01023000
3073	1	0,01023000
1158	1	0,01023000
815	1	0,01023000
1456	1	0,01023000
1078	1	0,01023000
1911	1	0,01023000
915	1	0,01023000
2501	1	0,01023000
2558	1	0,01023000
1931	1	0,01023000
3248	1	0,01023000
3199	1	0,01023000
637	1	0,01023000
729	1	0,01023000
1725	1	0,01023000
2260	1	0,01023000
1142	1	0,01023000
1119	1	0,01023000
3529	1	0,01023000
758	1	0,01023000
1754	1	0,01023000
1282	1	0,01023000
2516	1	0,01023000
682	1	0,01023000
1192	1	0,01023000
459	1	0,01023000
1172	1	0,01023000
1392	1	0,01023000
488	1	0,01023000
1100	1	0,01023000
1458	1	0,01023000
2454	1	0,01023000
3548	1	0,01023000
2709	1	0,01023000
551	1	0,01023000
2211	1	0,01023000
433	1	0,01023000
3599	1	0,01023000
1982	1	0,01023000
3691	1	0,01023000
2566	1	0,01023000
2403	1	0,01023000
2368	1	0,01023000
3728	1	0,01023000
1143	1	0,01023000
1807	1	0,01023000
2423	1	0,01023000
3505	1	0,01023000
874	1	0,01023000
2935	1	0,01023000
2377	1	0,01023000
270	1	0,01023000
1799	1	0,01023000
3327	1	0,01023000
2237	1	0,01023000
224	1	0,01023000
2881	1	0,01023000
84	1	0,01023000
2534	1	0,01023000
2529	1	0,01023000
1207	1	0,01023000
1201	1	0,01023000
620	1	0,01023000
317	1	0,01023000
1702	1	0,01023000
2936	1	0,01023000
1098	1	0,01023000
328	1	0,01023000
1530	1	0,01023000
912	1	0,01023000
1994	1	0,01023000
1155	1	0,01023000
3500	1	0,01023000
1742	1	0,01023000
3594	1	0,01023000
1602	1	0,01023000
391	1	0,01023000
2243	1	0,01023000
1478	1	0,01023000
2311	1	0,01023000
2821	1	0,01023000
2727	1	0,01023000
1044	1	0,01023000
1877	1	0,01023000
2086	1	0,01023000
829	1	0,01023000
2967	1	0,01023000
852	1	0,01023000
3623	1	0,01023000
3577	1	0,01023000
898	1	0,01023000
3136	1	0,01023000
2890	1	0,01023000
1785	1	0,01023000
3550	1	0,01023000
43	1	0,01023000
1523	1	0,01023000
988	1	0,01023000
2213	1	0,01023000
2803	1	0,01023000
190	1	0,01023000
854	1	0,01023000
2443	1	0,01023000
2752	1	0,01023000
213	1	0,01023000
1092	1	0,01023000
1687	1	0,01023000
359	1	0,01023000
353	1	0,01023000
336	1	0,01023000
1633	1	0,01023000
1564	1	0,01023000
900	1	0,01023000
1069	1	0,01023000
236	1	0,01023000
1255	1	0,01023000
273	1	0,01023000
2028	1	0,01023000
3688	1	0,01023000
1246	1	0,01023000
963	1	0,01023000
3662	1	0,01023000
1996	1	0,01023000
1057	1	0,01023000
2142	1	0,01023000
113	1	0,01023000
3516	1	0,01023000
1856	1	0,01023000
2374	1	0,01023000
313	1	0,01023000
562	1	0,01023000
1704	1	0,01023000
954	1	0,01023000
1959	1	0,01023000
2500	1	0,01023000
130	1	0,01023000
462	1	0,01023000
1524	1	0,01023000
1026	1	0,01023000
2669	1	0,01023000
2079	1	0,01023000
585	1	0,01023000
1667	1	0,01023000
3339	1	0,01023000
7	1	0,01023000
2912	1	0,01023000
1226	1	0,01023000
688	1	0,01023000
711	1	0,01023000
47	1	0,01023000
70	1	0,01023000
2085	1	0,01023000
1753	1	0,01023000
93	1	0,01023000
2772	1	0,01023000
780	1	0,01023000
1515	1	0,01023000
293	1	0,01023000
2457	1	0,01023000
2855	1	0,01023000
691	1	0,01023000
442	1	0,01023000
1475	1	0,01023000
2227	1	0,01023000
899	1	0,01023000
335	1	0,01023000
2250	1	0,01023000
2179	1	0,01023000
2273	1	0,01023000
3822	1	0,01023000
2674	1	0,01023000
2774	1	0,01023000
1062	1	0,01023000
1769	1	0,01023000
782	1	0,01023000
2216	1	0,01023000
3198	1	0,01023000
444	1	0,01023000
2067	1	0,01023000
2751	1	0,01023000
3123	1	0,01023000
1529	1	0,01023000
1031	1	0,01023000
2525	1	0,01023000
2482	1	0,01023000
32	1	0,01023000
1260	1	0,01023000
2296	1	0,01023000
1051	1	0,01023000
1300	1	0,01023000
719	1	0,01023000
1486	1	0,01023000
1835	1	0,01023000
1354	1	0,01023000
868	1	0,01023000
1243	1	0,01023000
2127	1	0,01023000
1884	1	0,01023000
2293	1	0,01023000
315	1	0,01023000
1011	1	0,01023000
2439	1	0,01023000
1303	1	0,01023000
470	1	0,01023000
3132	1	0,01023000
1042	1	0,01023000
856	1	0,01023000
2585	1	0,01023000
2894	1	0,01023000
1065	1	0,01023000
670	1	0,01023000
1844	1	0,01023000
209	1	0,01023000
284	1	0,01023000
2276	1	0,01023000
1085	1	0,01023000
1240	1	0,01023000
2353	1	0,01023000
550	1	0,01023000
3647	1	0,01023000
1028	1	0,01023000
3	1	0,01023000
1532	1	0,01023000
132	1	0,01023000
2528	1	0,01023000
1838	1	0,01023000
1171	1	0,01023000
607	1	0,01023000
1271	1	0,01023000
1059	1	0,01023000
3472	1	0,01023000
1497	1	0,01023000
658	1	0,01023000
409	1	0,01023000
1019	1	0,01023000
2295	1	0,01023000
1299	1	0,01023000
1643	1	0,01023000
226	1	0,01023000
1577	1	0,01023000
844	1	0,01023000
3927	1	0,01023000
2908	1	0,01023000
518	1	0,01023000
3128	1	0,01023000
1451	1	0,01023000
1746	1	0,01023000
475	1	0,01023000
3108	1	0,01023000
120	1	0,01023000
738	1	0,01023000
638	1	0,01023000
1130	1	0,01023000
2802	1	0,01023000
395	1	0,01023000
495	1	0,01023000
2161	1	0,01023000
601	1	0,01023000
1955	1	0,01023000
3045	1	0,01023000
340	1	0,01023000
3904	1	0,01023000
1912	1	0,01023000
2049	1	0,01023000
2026	1	0,01023000
40	1	0,01023000
1983	1	0,01023000
515	1	0,01023000
1308	1	0,01023000
3323	1	0,01023000
1694	1	0,01023000
1989	1	0,01023000
20	1	0,01023000
80	1	0,01023000
68	1	0,01023000
1494	1	0,01023000
383	1	0,01023000
1757	1	0,01023000
2129	1	0,01023000
755	1	0,01023000
575	1	0,01023000
3231	1	0,01023000
3755	1	0,01023000
727	1	0,01023000
821	1	0,01023000
3993	1	0,01023000
320	1	0,01023000
1935	1	0,01023000
2599	1	0,01023000
512	1	0,01023000
778	1	0,01023000
598	1	0,01023000
1617	1	0,01023000
1631	1	0,01023000
847	1	0,01023000
137	1	0,01023000
635	1	0,01023000
1033	1	0,01023000
1972	1	0,01023000